60 22
931 181
722 575
212 117
243 821
594 247
245 489
59 303
432 690
28 129
337 230
393 737
978 312
229 338
667 22
422 22
53 404
292 616
360 425
662 140
895 538
177 223
929 602
449 45
376 404
87 167
313 788
278 819
845 383
265 810
595 581
646 638
360 771
318 867
618 474
613 770
149 693
553 143
745 701
384 674
248 921
292 423
258 406
591 583
913 577
237 770
952 249
306 128
443 755
580 598
746 221
116 524
607 853
575 337
473 645
202 406
411 217
45 62
194 212
156 744
7 956
142 23
590 813
181 866
69 978
935 384
488 561
462 675
414 529
618 22
153 478
975 560
94 674
355 413
823 685
587 993
240 391
959 967
572 280
434 162
610 787
680 117
243 193
810 816
816 126
779 746
124 669
395 992
145 808
479 266
888 323
463 436
96 343
292 881
209 879
31 143
886 928
619 935
511 468
587 14
921 212
47 431
721 114
683 129
21 660
37 942
413 609
199 573
542 620
993 29
895 135
907 192
696 834
192 136
68 713
974 579
507 918
479 143
93 309
448 288
525 329
273 912
588 925
391 61
457 641
476 519
598 878
345 861
4 264
802 458
179 895
964 306
413 815
174 608
346 377
330 412
582 949
246 516
176 573
183 991
538 226
604 641
512 103
325 793
497 941
667 645
76 563
542 662
669 915
797 364
775 171
508 621
749 430
754 255
765 210
279 885
58 549
1 767
653 469
292 397
350 4
730 982
85 90
574 915
141 81
66 678
810 865
654 694
281 956
351 758
911 370
221 778
828 80
968 391
318 894
828 226
750 324
718 494
497 643
234 160
256 446
56 696
169 218
313 54
351 901
416 489
342 219
521 820
672 852
595 324
3 757
112 897
76 95
275 167
55 892
794 609
77 723
187 22
600 959
688 202
50 213
817 520
469 135
224 836
974 409
470 718
382 961
79 628
364 248
4 460
622 129
735 952
451 499
218 636
353 197
458 266
894 280
177 90
578 947
133 972
787 640
42 286
74 504
15 832
108 510
801 515
308 756
785 904
751 866
68 375
512 171
701 816
992 763
53 716
96 681
153 351
65 288
673 409
550 423
661 224
433 607
556 744
250 179
947 415
207 949
885 218
152 530
844 967
557 600
851 398
816 98
838 865
691 390
997 380
382 158
949 160
927 436
873 717
783 411
751 411
821 105
420 465
547 686
768 635
975 894
25 498
197 888
72 650
853 475
194 427
177 87
299 282
382 515
122 423
716 571
160 858
880 7
273 233
385 41
713 147
485 391
564 244
876 752
516 65
260 623
736 726
424 234
512 217
413 386
471 48
855 169
557 473
546 634
317 568
305 743
175 310
35 874
181 447
717 915
481 393
652 194
744 823
456 621
856 127
970 656
520 830
243 848
313 166
430 625
521 38
458 508
922 481
448 137
499 176
606 82
501 563
298 217
916 144
29 800
235 315
521 923
935 154
646 777
789 161
289 286
949 810
716 40
370 992
882 461
796 314
285 737
858 440
999 547
546 333
127 979
996 49
727 504
934 636
179 779
727 599
519 291
563 756
491 790
935 537
399 506
243 100
247 418
588 843
373 435
54 217
331 787
696 81
578 135
38 165
54 946
146 192
510 404
496 314
456 53
652 287
342 472
297 112
512 887
358 626
405 192
489 172
693 504
379 143
204 277
647 535
976 172
849 345
202 703
384 603
839 169
345 452
765 173
297 189
277 351
740 630
157 313
109 772
732 764
840 484
949 218
789 283
104 66
128 595
832 580
879 990
528 150
244 522
883 460
765 0
899 98
243 913
845 187
113 495
856 52
208 915
