3426 3505
1979 3628
4788 932
2209 389
2196 2023
4909 2644
147 723
4924 2856
2083 2011
1131 1252
2164 4353
4012 1763
2524 687
1561 2310
4232 940
2776 2212
875 3661
1561 1988
3554 4085
1477 2708
4847 4974
1744 4464
1361 933
2032 3459
1203 182
3531 3759
1034 4181
2792 3813
1863 3893
353 3096
1121 2992
4278 3706
240 404
249 4720
1468 1620
2945 1393
225 4028
4963 1358
3205 2536
4049 2026
115 1653
1946 1085
652 4987
2254 4477
3185 2657
2869 1881
4942 341
721 4940
2390 2225
2892 1840
989 2361
4236 4580
2608 2883
3236 1440
174 140
3918 2088
780 1118
4980 1854
2460 3291
1164 2688
1263 2350
2888 4461
2235 3726
725 1450
2478 555
532 3402
1505 1716
1894 4622
360 3478
4335 3612
2667 2915
2697 4995
552 364
4034 387
2474 3985
3378 2034
863 4347
2328 3936
4580 2900
3931 737
4424 3112
4145 3277
4165 681
150 2797
3791 4434
217 3159
1827 4998
2597 2182
3380 1693
1100 1484
2352 2432
2784 4936
1274 1014
4732 356
2644 3906
4617 4561
2801 982
4420 4044
3681 2051
3646 2386
1364 2194
1066 2944
4752 2492
3998 4541
437 4531
1398 4324
141 1498
341 4188
153 2897
4733 2073
1346 3414
4439 3640
4225 2118
4356 3061
2532 3821
2018 1509
1892 1126
2663 1943
3774 495
1788 2371
3753 3948
2688 210
1214 1760
1081 1287
4704 2997
3562 2760
1290 1424
506 557
1425 4387
4795 4981
1216 1519
1643 386
601 1007
3251 4638
1493 4984
2900 4060
4706 1736
3826 2216
1146 4498
4722 2928
3252 4627
3029 4159
903 419
388 816
2054 3104
3684 132
2331 1801
3187 1172
3236 937
1371 4965
3694 3695
719 2945
3641 3184
1239 461
3671 1834
3367 2398
3999 309
1047 3317
924 2702
3169 1484
1104 3718
440 4366
4231 927
1106 3541
457 4732
3566 3682
1968 4264
4253 2139
4554 4915
3809 69
1124 2608
4007 1033
3400 363
4167 1821
3362 1683
96 1935
2554 1651
2643 279
4604 654
4037 4410
4620 96
202 4789
2804 2072
4904 2845
3705 4067
4535 4201
4085 3142
4419 1523
2092 921
4216 4540
2353 967
4679 1040
781 4440
4238 4461
852 100
820 1757
4270 4686
4827 4500
2080 4748
4849 2857
1905 172
1229 1614
2150 2481
738 2243
416 1772
3923 4553
4161 744
4025 4014
4281 4475
3506 2536
2274 124
2456 1682
1341 3388
655 2888
4895 4450
4903 325
1288 4958
2315 3340
4270 3247
3211 4934
1525 2174
4482 2618
4094 588
246 301
362 2597
3182 4835
1827 3802
4607 3132
4903 1972
3094 736
2666 32
3204 1549
2441 1689
3301 3355
1296 60
3770 3062
1224 303
1407 2295
836 2370
2700 4424
4097 3217
505 1940
864 1287
1521 3827
3146 2899
2818 3664
3659 3015
3141 2316
1083 3691
2338 26
1273 1393
359 161
2325 2200
4659 2521
3079 956
2919 4402
3521 915
1799 1064
1600 1222
3103 1769
686 2401
774 3129
3514 3584
168 4424
1693 1906
2211 34
3901 56
4102 4097
4300 2510
4933 4914
456 2521
4073 1135
3973 2429
1114 4031
752 4423
911 765
2372 2934
2877 2563
2507 4001
873 3402
1468 2267
1219 2957
3534 3473
1454 2389
4116 3631
1332 3959
4434 4265
940 3074
4508 1762
4766 2582
1274 3367
2733 2836
4342 144
420 1123
3719 3604
1892 1910
4088 1745
3725 4779
1626 4909
3878 4725
