16 861
197 488
548 203
944 942
156 445
832 486
295 221
155 583
432 412
868 644
948 263
445 980
488 426
851 246
859 765
879 53
194 900
29 780
270 90
230 292
37 679
126 932
735 840
745 718
442 405
256 15
812 770
207 348
553 865
168 527
361 793
292 684
153 428
100 710
44 45
80 567
735 327
541 539
37 661
410 477
807 579
96 110
845 584
435 412
270 214
662 212
198 867
532 170
143 434
882 328
769 179
363 890
61 346
73 740
536 386
881 406
401 776
525 557
887 248
573 821
756 220
73 869
902 590
255 154
455 60
76 664
955 776
91 664
355 302
867 875
528 871
633 781
61 930
622 48
885 119
855 266
373 941
498 341
249 445
525 773
394 596
915 742
301 967
668 956
473 302
827 683
552 761
963 617
902 331
954 1
660 756
36 852
463 453
331 974
6 515
547 523
305 425
281 589
236 924
783 409
26 306
563 314
563 395
122 938
94 801
280 828
454 969
258 575
674 583
936 202
765 414
438 995
150 110
499 213
920 34
855 205
747 409
944 38
124 125
832 592
583 406
904 437
240 58
980 838
527 319
55 813
671 934
138 959
172 180
701 451
405 525
861 69
461 248
360 857
551 246
60 859
683 772
699 161
392 940
7 841
259 276
547 648
284 164
80 623
92 412
790 482
308 237
650 300
294 437
614 140
148 458
620 497
553 671
597 192
964 803
890 999
629 960
285 767
200 899
457 805
781 395
875 33
137 94
96 311
800 781
110 502
546 102
804 142
786 296
249 474
41 262
716 754
145 253
938 565
668 832
534 540
160 203
883 85
450 901
913 683
585 496
744 614
676 213
888 204
727 736
756 360
798 39
116 780
776 442
742 105
737 701
939 829
84 576
929 93
772 216
494 823
879 2
423 441
566 870
284 548
