73 325
425 490
815 600
400 277
657 516
26 713
972 499
825 920
544 847
930 856
854 81
117 605
994 365
997 490
769 220
578 487
568 133
26 260
500 433
418 255
614 535
809 152
12 580
199 484
250 378
492 222
496 814
128 781
656 829
196 780
896 793
407 514
662 554
208 370
912 68
659 158
900 563
559 729
6 5
800 432
635 279
330 751
608 53
613 879
586 641
352 683
303 953
315 793
544 364
811 62
30 731
861 649
36 277
644 664
368 534
657 528
607 582
673 889
613 624
664 730
466 271
992 726
384 32
186 926
711 955
630 589
473 718
595 923
516 68
650 436
773 99
895 216
366 878
958 97
342 113
688 210
540 121
675 894
848 893
912 790
287 693
972 301
798 406
437 949
838 817
493 978
345 28
344 666
597 241
38 151
248 723
951 159
593 902
213 733
334 25
980 307
481 295
649 686
648 514
859 333
480 528
728 610
126 540
513 204
847 438
768 956
969 899
128 986
325 864
266 651
287 853
625 354
68 387
645 476
488 136
459 881
315 758
924 103
715 914
935 928
2 246
682 550
33 117
464 76
374 474
44 604
367 17
559 361
799 811
170 888
565 849
703 335
662 255
451 824
779 396
482 270
212 859
722 708
844 854
430 746
773 363
822 975
378 585
218 594
709 368
466 794
227 165
270 972
990 611
865 408
9 675
551 300
503 47
868 230
417 444
192 441
427 931
640 927
365 461
543 32
27 42
936 172
98 520
906 640
185 196
463 817
1 183
556 969
804 894
9 882
133 809
374 711
606 652
889 996
703 650
185 337
537 986
638 528
516 941
95 715
370 414
158 561
956 195
549 49
446 282
487 535
420 952
318 540
420 725
891 197
744 276
895 709
804 930
752 173
303 193
743 199
129 112
871 185
640 581
531 283
