4138 1107
4293 4057
3895 11
2179 91
1925 2507
3572 2050
479 2711
1166 483
836 1072
268 4909
4403 2508
2079 1415
4192 1917
2016 2579
2297 2198
1260 2542
2564 149
154 1883
3364 1700
1376 3558
868 1410
244 4971
3059 2303
4881 2715
3493 1068
4060 1309
3415 2001
2466 909
181 4316
2470 2999
634 236
2524 2615
2944 2316
1866 1371
439 4707
3726 4810
3918 881
2502 2674
148 3617
4417 971
2754 286
3927 1062
2831 3725
3301 1102
695 3239
450 988
4700 3838
3301 2485
3988 2906
3783 2522
2407 3436
3299 2316
3137 722
984 4318
4681 4349
3108 2114
4314 1760
4767 2559
4461 190
50 2151
2124 3493
810 3983
3611 4786
3393 4461
294 4402
2861 4109
811 1085
3230 2289
4007 3808
3974 3393
414 2604
3794 262
4698 1189
780 1913
4043 3961
1866 2734
498 1552
2469 2675
3645 2479
500 1185
4803 2006
1653 2478
3672 4920
88 1081
4623 4973
4747 2145
679 721
1916 3458
1547 1914
988 4161
2273 1994
2132 923
1025 988
3000 3546
3371 1349
2381 4142
3874 4118
824 3462
2024 977
1417 1803
