2536 4686
329 313
3882 2313
4251 120
1723 807
1682 1696
2200 2295
4105 4181
1995 4398
3902 37
1579 3152
3173 4386
3899 373
3864 1436
333 696
4948 1409
2556 4935
4195 4526
2511 2502
3266 4347
4430 1702
3965 4859
215 3789
3960 1892
883 3502
531 413
1378 4529
291 1686
2236 1936
3446 2762
4176 4328
1712 541
2933 3668
2556 4560
4953 3906
2085 4679
1288 967
3489 2117
4936 2105
629 4385
2742 3196
3307 1506
442 4755
2048 3380
3316 4138
4507 2360
815 61
4506 1095
322 3829
3382 251
2187 4376
2743 3715
194 3572
1694 1874
4666 109
857 970
3913 3516
2426 4056
4903 3934
2249 2959
4927 3047
4275 3636
2972 4463
3197 2252
2302 2450
3439 3653
1059 4715
3258 3896
4022 256
2555 225
2581 2581
637 1025
1274 1406
1554 775
90 3360
2920 188
3444 974
4420 2394
2168 3362
3809 47
3437 3720
3151 2343
275 1309
3014 1262
3967 644
1189 3557
1538 1597
3315 3726
4015 596
2866 2483
1242 2020
82 1011
2099 4048
3320 4644
1703 4285
1536 682
2170 1564
1138 1799
3347 526
1031 2017
1497 68
650 896
3590 2419
1586 1370
4896 338
3012 105
1199 3883
2634 3042
4136 3331
3463 4473
1688 415
305 1131
3853 799
2712 2608
2666 4702
192 993
629 102
903 1329
4751 1831
39 3422
4709 1947
2095 2355
3648 3057
779 3567
3607 2273
1894 4094
2387 1482
438 4524
950 4466
2933 85
3527 4582
3059 2291
2101 4920
2510 2418
597 3209
2366 1401
4147 268
3293 4256
3925 794
4804 1608
4237 1768
1981 395
570 3172
3994 4461
2222 4615
1252 3958
2246 826
4702 4792
73 3273
978 823
1987 1092
2374 3549
1576 3291
2612 2379
1622 587
1488 3701
4984 3377
4611 2138
2958 1896
2523 4683
830 4986
4100 4937
4756 4777
4404 2421
1499 1001
2901 1208
1170 319
4859 4071
863 3019
646 4592
953 3177
2676 3132
4401 4859
4459 3448
3811 158
1347 2112
1350 4929
1189 4567
4843 2251
838 1277
4245 347
2043 991
1446 2149
2705 375
59 4840
127 2625
4348 118
1429 3319
714 2832
150 4136
2736 613
4360 799
3032 4491
1100 1408
3812 2046
3078 4404
1270 838
3080 3706
727 2770
270 1029
1237 3318
1987 446
2950 2983
756 1474
1687 3005
3947 4899
2829 920
1660 1006
2685 4873
4676 1167
4143 4169
495 622
2296 3281
2206 803
3784 2927
1862 3935
3905 387
2807 3253
4686 1163
668 1442
4725 3184
2056 2814
3228 4412
1328 3653
1652 3630
3315 2417
3420 2419
4107 845
1437 2968
4582 452
399 747
1371 925
1930 4931
881 4630
698 4036
4189 4257
1062 2680
2946 3459
4665 3777
1749 4529
946 2941
1197 4884
4684 3030
3681 1646
4475 2675
850 2719
2950 2110
4625 2179
805 358
2466 2550
1419 2215
3219 701
3918 3806
3159 694
2624 249
2673 1640
3283 2111
2742 582
1638 3307
1276 1462
2451 983
3129 4965
4282 2778
401 838
966 3769
1258 1553
2402 2819
306 32
3173 4573
460 110
2092 1320
829 2455
3915 2045
3361 3980
3966 339
1663 1709
3332 3410
294 2387
752 3858
3964 2455
1773 4146
2846 2676
4985 1700
4784 3403
3464 4739
854 1148
1657 4039
3468 4045
35 1167
1566 4812
1505 2328
4160 1030
1213 954
3388 1883
3486 393
1224 2847
4108 4972
15 202
4641 1923
1127 4607
399 3234
2558 117
2736 2224
2982 3794
363 3543
3431 3033
3339 4351
4026 1580
2436 2351
4456 3864
3058 3692
219 4255
250 13
4601 2588
2263 1987
2 1869
4195 2699
323 2169
4924 2385
2808 170
3192 2000
373 3138
2975 2254
1898 4767
570 3720
4164 297
2781 703
478 1098
479 2974
671 3047
638 4870
4509 4222
2849 4082
4624 2292
4068 4861
3328 1286
4054 316
2646 824
3248 1554
1494 1310
3974 1080
4550 4123
3230 1829
2475 1603
2438 1405
3590 4991
3235 2095
2977 1821
3848 4940
2009 1198
1224 2645
4926 4262
2973 2721
3532 2024
3956 3149
4738 1253
2627 1866
4296 549
274 18
887 2667
3836 2406
2322 3260
416 3935
845 1245
4995 2765
2014 3266
710 1679
4029 426
1008 3708
3519 2708
3681 1387
3474 3634
3038 332
1822 3626
2308 961
52 786
4500 2646
449 4991
3595 2410
3216 3376
4946 4907
2340 1621
4724 4942
3384 4926
2925 4938
4152 3581
2474 1770
1329 283
440 1724
1791 3409
3623 1107
3184 2792
2128 3713
2436 2527
4251 3502
2539 2738
2368 3525
1294 3553
2214 2151
4044 2009
448 3778
4421 4468
3114 227
2219 1382
1999 146
2529 2686
2510 390
4280 999
4743 2130
2840 3277
2720 2409
2916 1071
4217 377
7 81
3987 4889
2743 2040
4117 1689
1711 1162
4085 1686
4204 536
4484 4305
2705 517
4661 4311
1792 2399
4340 2237
3 3393
261 4280
2659 3783
4367 883
1572 3123
86 4832
4669 3373
4802 1292
60 1542
192 4091
3632 4423
3 3716
2640 4145
3438 3608
4337 819
178 4967
2817 940
2415 4379
3759 4576
3459 3821
4807 1803
807 3606
2469 1786
1589 3488
876 1051
2017 2058
3241 1430
1610 1835
4046 1300
496 4287
514 2065
4128 4529
2207 1462
3186 329
4335 4589
2250 3475
3249 1908
2974 3832
3536 59
1220 1068
4770 4621
1602 2102
1507 2036
4299 3162
2234 3492
2297 541
4699 2938
467 1984
834 3269
4428 4704
2626 2430
310 2931
2377 2950
2874 1849
2206 4711
3838 390
388 2708
370 3446
2998 92
3835 2240
1238 4279
190 4776
2775 4024
815 3301
2861 3439
504 3038
4447 3977
2680 2120
1876 3272
760 1465
745 2915
1288 2830
1868 1723
4942 270
244 3802
3092 1413
1622 2764
3939 4046
3463 891
2435 2208
2972 3922
409 3352
336 2258
3086 4335
894 1789
538 188
3698 4697
130 1485
698 3703
1379 630
3540 2994
188 1991
2035 4555
481 1359
823 3026
898 4458
1747 4648
4569 995
2643 2568
3752 1738
2821 4089
3550 2010
4049 2623
2754 3751
4181 1374
2728 2766
797 270
3774 550
817 4144
1935 895
1698 2415
4650 3736
2147 193
3276 2159
3970 2680
2809 839
3823 488
749 711
4204 2496
4158 4345
2916 949
1521 1579
1622 2142
3608 1294
2853 1737
4671 4824
2485 4122
2870 4263
1669 69
2278 48
4717 3456
3036 400
3733 794
123 2173
1028 2712
1788 260
4043 2328
4319 4036
2961 582
1728 3283
423 4650
245 1121
3434 2956
3928 2171
2381 1344
2052 4281
3937 4959
3528 4131
3144 1595
4718 3386
1292 4893
412 1520
3253 1023
2693 764
1286 1819
1068 4477
3986 3465
3249 166
4994 2791
2421 668
1478 953
419 2288
3816 4540
1254 1716
910 1409
4929 381
2342 3479
2206 2935
277 4831
606 275
1484 1218
1520 452
589 2485
1316 3632
1558 4032
