1132 195
2 1868
252 774
1512 1994
1073 1951
657 188
1856 1995
1141 1473
955 428
911 178
870 1792
7 549
1313 1658
32 520
1672 314
106 439
1653 967
856 374
1458 651
420 297
871 676
15 1739
1582 1977
934 717
1041 447
981 1722
795 1580
1313 1541
646 292
346 1284
990 84
432 601
1783 626
1637 1214
983 631
491 1547
505 255
471 1352
1864 208
450 525
1503 117
1226 1408
616 1874
1282 1650
1373 1076
531 892
1086 700
1661 612
1792 201
929 676
1125 114
1143 1361
1571 1325
1742 1947
1271 1094
1794 1800
608 360
633 1278
760 1416
1416 142
1980 87
1332 1387
795 1714
444 1239
1299 214
90 1315
1104 1004
1800 1825
1975 441
1297 513
1683 1948
1935 664
593 1954
1528 365
1183 306
1697 620
1245 793
491 1324
1389 1502
1160 1050
1945 1914
1383 1385
741 1509
1783 1083
1846 1063
32 504
107 951
1136 477
1605 901
21 1207
1998 380
219 1563
1516 565
116 462
1079 1455
1017 488
476 1994
859 15
168 112
779 745
897 492
1081 1380
28 1540
402 462
251 1184
365 417
107 1601
543 1186
512 1361
781 996
365 57
1365 883
1706 308
1688 1137
293 788
535 1602
1571 526
379 1912
1506 187
713 860
144 269
28 1078
1454 703
1749 1824
573 528
1343 1803
1270 1697
649 864
1152 831
1212 1406
407 940
278 1013
1982 1431
526 336
1295 1653
474 1021
1292 1727
401 636
1829 654
1601 789
167 356
250 1388
44 1627
996 1209
1731 324
835 1567
1946 909
1153 1278
1118 1981
736 1706
1772 210
1964 765
1177 249
1034 1618
674 1047
39 565
1664 602
30 1997
1460 160
125 974
1965 581
1911 731
259 1031
475 1740
1467 440
122 284
1489 967
1381 164
1065 447
918 1791
1783 937
607 1591
1786 872
518 135
1534 451
1297 1388
1745 1871
947 1759
1007 1073
1490 705
590 912
629 136
1973 1558
962 353
583 1330
1490 1206
880 1284
789 930
133 854
196 1265
1682 1847
1983 1777
494 747
1980 1168
227 1156
933 1771
1299 1717
1270 543
1448 724
1811 320
410 1319
1192 713
235 34
498 625
616 1015
271 948
1574 51
43 520
1734 1352
203 418
646 1767
997 692
1649 1114
765 516
1355 1524
1157 205
1476 844
1161 1787
1145 1940
1126 880
800 399
1535 744
1651 679
987 1498
1543 546
1421 1000
830 1968
1936 1127
1354 299
12 250
397 1412
395 1592
122 217
881 574
606 842
487 910
1707 1087
601 1907
1347 388
1738 969
746 886
426 1370
972 1735
1865 1735
983 50
1192 961
493 1009
1271 21
3 1945
1347 177
1707 1361
1804 621
452 1570
395 104
1228 1195
420 1390
364 1392
1119 1779
1085 99
416 904
433 1288
1244 1387
611 625
1605 1564
1317 1252
1125 420
652 172
844 825
1998 1473
1756 1556
1721 816
1787 598
196 497
469 685
1033 603
542 962
1557 1304
597 2
1686 104
988 808
784 404
430 1229
314 1959
777 1151
147 1335
1280 963
1635 752
64 1312
699 90
801 1496
629 1951
532 592
1954 85
1746 1901
14 937
939 1975
1144 1779
713 1420
482 187
1580 1993
1165 1897
209 467
1092 44
1820 906
1913 1067
835 319
1010 1891
700 1001
1133 613
1093 1314
1793 1248
80 258
1564 61
948 1198
767 409
1201 926
1007 524
1152 1709
1425 1126
1622 1482
798 1579
1621 1024
1251 1131
64 1499
1001 1159
81 1234
1819 1961
1485 666
1847 1344
1096 1133
1637 1269
1427 1578
676 929
1202 1200
1640 1226
678 218
1556 1493
366 579
636 239
825 1841
443 1255
1455 1260
1238 809
675 81
1439 312
527 843
1789 1949
467 845
394 655
162 1111
953 1898
125 127
1156 87
120 1784
1426 481
927 942
535 213
352 301
1829 1017
438 1676
467 364
921 151
1354 1868
1424 91
1499 745
1575 249
1813 921
958 244
1243 244
380 222
845 1701
604 920
861 1167
616 909
203 648
819 526
833 508
1548 1878
35 1880
1600 410
1503 1863
1264 467
96 852
180 670
743 1701
1034 1392
1041 734
1183 397
704 1325
460 1426
1937 661
87 808
394 536
1535 972
591 604
1425 583
1294 715
245 332
325 1176
1093 1816
711 1408
1563 1786
259 837
1801 1002
1923 920
1281 873
846 1383
1783 1782
1150 911
1912 403
74 980
1229 881
187 1771
1680 1552
1137 519
1815 1539
987 676
1183 986
444 740
1253 1935
1767 1885
194 640
1750 1761
1174 1032
175 1982
1610 1360
1847 205
682 462
678 378
334 148
1740 30
298 1220
1543 367
1297 146
887 455
461 448
589 254
1269 1552
22 1599
1537 3
1112 1339
433 1525
127 1584
1193 1256
1529 1056
611 1125
1775 1869
952 1918
1388 1681
998 530
1159 1916
1735 1906
1057 1919
1028 1072
419 961
1432 331
1873 1808
495 1164
1039 1704
1920 1734
1091 1814
537 902
994 401
1026 1237
1445 154
1155 610
895 1433
746 924
1494 1555
385 71
461 171
1240 713
73 841
613 53
1334 1868
554 479
95 768
1342 899
189 1916
359 796
1136 547
131 1421
1983 67
1779 710
1630 122
292 664
1963 1136
751 737
1605 1911
75 1581
854 1803
1919 1097
697 1935
161 1452
1126 1594
430 1062
1824 635
1995 700
708 472
1388 1010
920 1283
1712 861
1394 1890
1093 729
229 1137
1852 1548
928 1518
996 1654
1118 1431
1186 285
1132 455
463 1538
1944 1089
1175 304
143 1012
678 240
1591 977
482 1128
1906 609
1024 1099
544 322
611 372
494 1111
278 1900
700 743
1161 32
1392 1240
1714 1456
395 1603
1991 899
973 1604
1329 1755
355 74
1968 1935
418 10
190 1794
1967 1075
1772 1518
44 258
439 1217
1445 1256
1260 1449
298 434
303 1367
730 475
1016 636
173 1054
1216 1217
1296 1814
1131 1679
449 694
1656 191
1086 1278
449 753
241 143
1929 1494
1121 1442
127 1645
1674 278
897 1888
1699 203
251 1189
1919 1449
865 469
90 938
1270 812
1242 760
336 1235
141 815
553 449
968 1374
1278 197
1744 1101
635 1764
1117 1737
1698 1064
57 1734
1872 358
1804 521
530 642
1515 1400
1912 436
563 555
1720 536
352 238
1012 193
747 468
1458 392
1709 462
1357 595
1512 112
1190 181
1941 859
1804 787
452 1468
509 265
694 934
244 619
1571 838
574 690
