1135 850
3888 1188
4207 478
1180 4727
2032 3218
4120 1264
1661 3374
4726 1825
382 1192
1066 4405
4041 4235
2327 4344
1745 4962
2890 4622
3609 2862
4390 1018
4099 3904
2173 3581
713 46
3022 1320
3899 2807
3703 4920
3917 1366
45 2014
3059 1522
2272 4105
416 543
4193 749
693 1816
964 2849
3398 4872
1353 234
104 3697
149 1033
2457 671
551 589
3607 4689
103 1519
196 4866
4794 2503
3606 192
4395 2993
3948 3574
889 3759
3611 1294
3647 2997
2105 2046
2829 2274
976 3370
715 4249
1906 3061
876 3315
473 1637
4473 2255
4746 3516
3387 3441
4867 982
1089 158
3998 3041
1737 3205
4779 1622
715 301
2445 4759
3210 299
417 1844
2712 684
2757 2068
2112 2213
4186 4254
3282 489
2449 3138
677 1710
1990 1007
3225 363
1306 3411
3223 1574
1 2841
1337 4803
2097 2677
3385 718
189 1263
1180 1946
1188 2854
1515 3983
4858 426
4824 1014
12 3623
783 4025
1047 949
1106 3579
2400 2910
149 1672
799 3397
2330 3483
918 4224
1764 1690
2688 2238
715 594
1518 3080
3652 491
3750 497
2197 3371
3120 2623
665 149
2286 91
1070 4843
3074 5
4308 3246
3977 3578
2753 4773
1226 3524
1632 1865
497 4698
1 1779
1995 4532
2326 2036
1152 4846
4917 1584
3106 1058
2470 4598
2788 1134
2171 49
1128 3731
2510 3220
4825 2461
2626 2569
4950 2808
4272 4004
4620 2535
719 2408
2128 3898
4425 533
2904 4209
1166 3387
4555 2908
4478 799
3354 2072
3570 4719
1275 3141
563 2264
1982 2432
4537 3018
760 2015
1357 1339
3842 3168
1084 1598
521 3233
995 664
27 1599
3245 3471
3738 4098
659 3638
2200 3818
2853 2089
2717 3849
3382 4330
3015 1415
1665 4118
2334 1410
4183 1436
3136 3060
4516 1934
4178 3073
1120 2897
1538 1691
1616 1060
2929 432
4198 2974
1542 1067
802 1341
2433 436
1254 1262
4679 2215
4095 465
1630 1360
2007 1914
4844 93
4107 199
4034 2130
4754 3365
3011 4800
3159 4910
2635 4112
618 4181
4496 477
3512 1428
1640 4381
2862 228
307 2278
4133 4963
4605 1869
2832 97
2337 2332
4390 949
2762 4523
1651 4884
264 645
4033 1824
863 3579
3572 3214
