1463 197
1593 1806
1210 1790
1261 1272
577 427
941 804
1057 35
1047 47
1508 1351
928 1511
1322 1024
345 339
1106 177
268 226
1222 1487
1337 1879
1048 464
1257 850
1694 53
1581 532
6 1504
1303 1550
333 690
623 1231
1049 81
1053 769
955 1625
431 287
1039 1401
973 1276
314 1001
1596 7
1496 774
856 1240
1244 178
1176 828
46 754
1358 1468
1198 704
717 1668
313 1204
518 235
1131 1736
1271 371
1664 816
1024 498
1618 1784
1525 1984
1042 1904
153 880
1996 440
1006 1863
1507 643
1833 656
185 1564
1839 1001
1886 1261
1270 1569
1865 1494
128 1420
191 838
260 859
428 685
692 1920
360 686
1559 389
1366 670
1486 670
1118 354
1829 1913
800 650
731 6
301 1755
971 569
582 584
36 1227
1483 1023
552 142
200 18
1015 222
208 579
1762 621
985 1846
237 864
456 1278
1974 377
683 385
1646 1549
1785 104
1569 683
1223 1558
1736 501
868 1048
1752 326
1149 949
556 953
739 1415
662 1792
161 1714
1517 1243
1276 1796
686 1940
1471 1512
1952 1670
1811 29
18 332
372 1165
1561 1442
197 800
542 234
480 1627
1253 670
904 1109
1334 1883
1748 765
1586 977
1839 1188
710 383
731 770
50 436
224 1875
460 1390
1753 488
1595 568
1848 293
275 1481
1628 1496
1259 1651
721 631
359 1331
712 1690
1340 794
741 1570
47 651
666 863
891 1907
1647 635
1116 1390
787 1680
857 1797
423 1654
1833 1901
1806 1201
1355 745
304 858
1927 1466
518 284
535 214
564 1671
199 724
44 1016
1008 1354
1086 789
1618 256
1587 1770
80 982
826 115
374 960
929 349
1030 119
704 1989
838 1935
1926 485
588 92
1191 210
1125 1615
1731 551
925 357
173 863
1037 68
638 1280
201 386
544 982
70 1678
1394 1462
1700 1635
1855 1748
481 495
1197 962
1905 570
223 1441
1972 66
920 1276
853 1047
794 868
8 895
272 1504
868 1628
264 64
1597 1956
1098 233
1699 1558
3 1017
1839 571
844 569
893 1781
1076 1170
630 638
329 143
668 8
742 1529
1939 1844
857 1402
1056 565
1102 1140
743 1801
1523 408
97 1785
1913 1978
1353 749
825 89
5 1498
389 1403
1060 1439
604 264
1096 1100
300 743
1647 1214
108 443
762 521
249 1507
1145 1011
177 466
1645 1673
1115 306
827 1227
850 1225
46 922
1744 1517
1810 1791
1503 601
1402 125
1503 1415
519 1506
615 1015
1870 1462
356 1064
1680 1896
65 183
1255 958
264 1792
430 343
888 1284
512 678
158 107
1563 1336
1999 320
628 1898
763 988
1442 241
1726 1585
1847 170
469 211
149 475
1793 1559
263 226
135 1445
185 1663
1579 1003
1291 1741
169 1203
1786 590
1895 1816
400 992
448 38
1000 1533
536 113
1668 1420
414 1844
681 1528
949 1574
1104 963
75 649
712 1108
67 1610
1702 747
293 1817
1452 521
333 78
189 557
423 1524
1230 938
594 1397
1324 550
1615 588
1667 92
1048 211
197 334
277 1623
1733 1579
1069 808
836 1015
255 1961
251 605
1668 495
1180 1506
294 1222
1391 438
182 1217
384 769
1898 1326
322 1446
1020 1813
1467 1483
172 1948
549 1001
127 1952
295 1362
1081 1735
1159 38
834 1143
1881 564
929 690
124 1512
1051 1272
1438 310
1755 484
618 1135
983 404
1417 1461
400 1301
721 997
1333 1645
1345 415
781 1301
1478 1695
1703 986
389 1789
873 993
721 287
1803 392
1366 1188
1939 557
534 40
126 1871
104 754
1389 1523
852 1596
1320 670
431 1874
291 1040
135 1440
1952 1336
549 1993
50 1357
1597 815
132 300
931 1655
889 1999
746 1329
385 426
605 785
53 295
1669 1159
752 1916
357 826
1957 1182
470 1048
264 582
1291 1994
724 722
1704 1659
1745 1946
1126 943
1465 638
383 1523
1866 1214
614 28
1958 1136
1582 965
1339 47
1206 1739
216 1247
638 814
1720 1843
776 1347
1264 1346
1048 1524
1378 814
611 95
764 1404
633 297
724 1783
981 434
341 504
1601 567
563 1067
725 1885
757 511
384 1137
1795 1684
774 848
604 415
640 985
1796 24
521 420
835 500
1933 501
91 1128
1871 1918
1524 1584
304 790
328 1230
922 702
612 1083
580 1425
1750 1599
1335 938
1667 248
1942 205
1540 931
1430 898
471 592
1200 1374
1360 1156
316 158
430 698
870 696
358 1199
203 1662
500 808
144 1041
1913 1085
532 1125
632 280
1960 1071
1534 861
1559 1961
885 534
1490 471
18 1271
968 1231
1538 1930
1779 740
1878 1284
1622 807
1547 1054
1797 1900
1794 1655
293 1743
1684 1551
150 1866
870 1121
157 125
561 124
5 103
997 1771
133 1773
877 1675
922 1229
34 984
776 54
357 377
84 1738
1600 311
1633 592
1696 1943
1000 1071
358 699
35 452
1084 1895
612 948
1655 1264
1138 1446
1191 1578
1970 766
1899 546
1399 1214
1605 558
669 1861
1684 91
1219 1403
1873 454
746 1684
901 1562
1478 819
1239 1618
464 1224
1871 933
1087 370
1533 242
1480 1753
409 1065
1642 1728
994 1728
1022 193
1118 490
538 315
273 45
617 309
1757 104
815 878
1797 585
1049 72
1173 1902
541 1547
1177 1639
511 282
117 76
1550 1340
