124 354
131 912
308 712
546 788
379 968
322 804
735 382
553 100
486 413
6 499
44 428
695 891
463 971
269 319
164 384
569 98
685 781
135 814
944 319
22 480
3 415
608 611
679 52
503 208
153 442
383 663
15 520
872 309
965 934
692 710
689 287
322 951
816 993
346 408
974 352
895 671
321 102
202 93
317 123
438 98
48 465
231 834
570 717
488 640
932 116
237 313
823 642
16 711
723 603
978 723
483 440
598 603
84 826
156 569
753 972
132 442
716 72
363 478
346 473
771 360
463 913
605 399
242 522
384 110
728 698
845 5
167 612
462 12
743 505
309 749
778 986
451 14
750 710
443 736
824 458
806 762
840 871
287 420
605 311
931 2
226 807
185 599
661 894
464 676
331 938
188 150
215 756
998 269
230 648
68 620
631 503
670 537
435 105
282 473
754 747
924 593
368 930
90 271
361 138
38 787
514 890
88 100
906 589
577 666
309 194
552 629
533 943
440 782
669 524
632 471
11 777
426 854
990 82
287 854
262 760
2 79
254 89
155 929
692 513
590 574
779 168
115 576
392 103
237 488
526 750
52 769
815 740
51 343
102 109
874 514
958 174
97 642
204 599
37 921
979 614
856 990
590 727
219 667
152 57
464 780
337 55
650 467
1 633
581 742
157 793
165 38
350 805
620 404
678 859
160 639
680 12
530 146
686 730
695 311
981 209
193 154
787 627
419 529
638 569
744 137
346 333
168 120
274 78
302 485
172 355
836 802
543 529
413 318
175 919
434 810
537 782
909 2
378 532
19 379
357 813
399 305
643 745
865 483
768 854
518 507
774 331
912 715
277 520
259 601
459 909
462 961
9 931
841 267
812 555
312 558
821 657
734 486
194 699
77 512
707 620
847 737
652 887
416 324
91 223
946 796
105 989
383 718
423 727
346 15
939 777
233 708
716 20
774 120
145 378
29 213
968 732
288 615
736 801
629 655
802 3
151 179
458 42
362 735
558 786
303 687
60 264
650 83
790 45
853 670
35 117
843 622
431 448
984 568
460 533
433 930
413 163
847 299
670 277
445 831
66 520
856 243
60 130
34 599
495 643
515 564
348 385
142 242
671 177
255 746
879 924
611 126
252 281
514 830
492 713
732 878
617 411
318 980
442 39
341 276
47 542
452 729
697 455
513 979
407 328
835 376
809 631
92 917
933 812
414 771
502 72
164 407
517 970
754 155
509 669
231 110
982 692
195 835
366 719
836 290
990 143
849 805
606 738
575 413
587 188
183 14
998 144
512 729
715 94
195 398
896 538
774 890
282 314
403 875
774 43
63 943
748 261
282 730
260 855
618 811
253 824
827 784
952 218
840 518
829 939
910 400
481 951
39 959
334 990
361 775
90 487
715 870
817 95
963 826
486 127
342 83
635 989
603 623
731 107
523 716
860 580
850 785
712 211
589 706
573 721
520 252
233 130
363 349
780 894
620 369
616 41
734 827
815 164
622 451
937 361
610 725
200 633
46 337
336 897
598 197
607 555
798 323
299 190
20 772
45 304
929 164
392 386
443 591
197 74
140 390
544 211
284 379
159 210
553 897
18 204
213 8
730 2
2 253
30 851
982 344
664 102
579 162
819 401
492 542
160 861
781 713
449 125
114 923
218 443
9 445
301 336
473 281
660 699
601 692
711 731
54 663
324 616
281 495
16 571
74 855
422 972
598 138
591 270
563 440
470 424
756 587
160 640
231 493
966 785
183 331
376 747
175 754
175 0
47 256
767 925
659 110
678 482
28 802
914 842
487 876
884 706
390 327
298 650
384 392
103 976
110 889
584 957
51 468
471 209
829 925
792 313
64 456
800 412
923 401
587 672
506 427
323 34
183 874
328 586
312 826
652 232
301 270
504 54
967 712
805 664
472 66
120 113
265 415
109 211
721 57
489 134
371 804
239 870
946 662
111 870
5 839
442 205
866 889
861 916
997 803
270 555
647 967
143 863
140 850
329 355
415 378
635 963
736 245
523 898
269 183
639 464
290 600
731 70
1 382
204 238
890 881
147 590
138 80
2 863
782 997
309 858
852 672
670 945
362 476
846 240
103 771
208 681
94 708
359 765
600 729
16 715
381 408
232 142
646 101
656 244
578 936
443 873
195 194
700 520
304 346
665 41
567 983
651 959
1 346
694 423
606 423
337 651
520 526
605 113
90 521
394 557
295 753
523 518
617 526
269 620
557 994
171 827
522 306
67 231
121 23
473 492
151 140
586 859
934 226
76 677
168 413
