41 154
294 772
41 184
380 949
134 835
396 557
943 505
891 135
491 338
605 427
224 87
598 664
557 892
772 466
966 735
58 675
50 48
202 523
143 10
454 959
863 132
116 457
246 925
36 773
295 636
188 687
810 336
423 67
260 846
842 108
667 941
344 321
279 752
748 599
752 857
947 87
758 18
714 664
169 959
689 790
150 778
940 623
479 294
836 150
49 851
638 944
623 921
917 762
6 747
638 782
730 434
187 162
797 3
725 624
672 472
221 252
348 373
85 984
147 292
873 527
535 917
645 490
385 729
150 975
43 155
388 931
127 391
476 609
954 833
504 695
913 934
356 765
592 180
262 425
339 91
69 775
199 50
246 779
775 221
172 438
260 471
513 627
662 443
297 695
313 481
462 106
507 556
54 796
250 878
678 284
64 762
146 644
931 453
759 17
860 93
386 285
653 140
864 577
44 790
541 858
