3824 4869
4427 4432
4742 2881
1432 7790
2846 1402
5007 1632
6139 6703
9388 2879
328 6630
9312 5282
7825 4899
3090 2116
6724 2002
949 5968
9632 3137
8244 2664
9188 9731
2239 558
3509 8694
1604 4736
3581 3041
3074 1955
6182 3707
4493 46
4922 8822
9613 7649
3581 4540
6260 9816
5746 8787
4898 3007
8331 4584
8341 7284
3079 9563
5417 966
9937 8240
1112 1722
476 8986
8794 4812
5655 1907
4807 2917
3017 3608
4069 6909
9870 2459
3349 4756
9754 8720
3003 2839
631 2761
8160 4573
5882 1212
3241 3896
6060 1811
2658 8888
6510 2962
2404 1287
7625 2265
573 9314
2289 2940
7196 4824
3931 5087
4050 265
2299 3383
5796 3714
8379 6356
3933 488
6932 7694
9621 3838
7739 6877
5682 8142
2601 3210
5659 9880
3925 7290
3818 9334
1375 3140
6024 5568
8263 1038
4969 2140
6950 4197
3628 5738
9601 8927
3146 6960
4979 5248
3119 5352
3046 1031
5416 7975
3748 5011
6473 4412
7175 9931
6095 8865
9966 7739
5491 3399
6271 817
7478 6530
7716 6155
4063 8685
970 976
1798 2783
2881 9914
5920 1004
8681 1705
66 4980
6702 489
7205 1459
9236 9523
5298 3212
3964 8880
2062 61
7558 8037
18 6079
7066 7337
572 5713
8787 670
9599 4871
2694 7051
8502 6394
464 1373
4283 580
5626 4075
2689 6719
5037 1546
1766 5907
3983 6911
6144 9758
6369 2976
5509 5098
8345 4424
5205 4144
3998 8133
1643 3815
2499 9451
9467 8606
7452 228
468 2059
9724 3844
5734 7327
8670 1362
1115 3201
9873 2948
2424 4862
8587 9892
9306 4050
7406 4920
4270 8986
1289 5143
7844 3369
7331 3920
599 2289
9572 2095
6971 8006
1658 110
8482 1755
5351 2970
6794 4619
1595 8024
7489 541
9346 3472
6851 9472
5880 676
1368 2980
1626 9643
9662 2652
1835 238
3622 2670
3123 8735
5311 941
535 7513
9138 3750
7770 8695
4727 5603
4785 4269
1618 9060
2517 2960
272 9017
8987 4149
5032 4953
3820 531
7020 992
6582 2217
9100 7061
8245 3879
4635 9849
2726 9231
7041 9259
626 5811
8518 1970
2909 8950
7195 1400
5129 5569
3544 6715
1303 6399
1433 7967
9842 6993
3331 4079
884 9616
3505 6211
5879 5211
1954 6570
2116 2247
5175 7934
8586 7795
1739 1115
9842 8320
7557 4209
973 5148
9581 5013
9652 7730
8143 1699
7101 7061
3889 4139
7044 4579
6835 4367
4983 5640
1375 9095
900 5003
924 9249
4780 4648
6870 4682
793 8757
5028 6351
4452 9812
167 9471
8171 927
2484 6045
6229 3849
2489 3617
1492 7364
4617 3849
6688 2712
6444 4254
6891 387
1603 7424
2990 6376
1589 3155
8162 5660
3654 6602
5761 7494
1606 4217
9450 4828
4476 7233
3355 9915
7311 1701
3077 2877
6393 6611
352 5595
6097 992
8814 6702
9412 8809
2162 6440
6632 7567
2270 2025
1090 1472
2653 6461
7964 9176
1768 5904
6779 401
9940 2285
2713 2814
51 2759
6510 7823
5104 6979
991 2085
8638 6046
2787 5226
6234 1034
7965 2981
7038 7882
8715 3823
6326 9938
1073 1286
4736 8259
9356 4669
5607 1787
2983 9915
7239 9813
3224 6544
1007 7621
4004 2415
6188 19
7658 9927
6101 7067
5576 1094
3217 1032
6664 2622
1922 9001
469 6291
5883 6069
7603 4186
4053 3147
9065 8824
9318 6423
1688 2314
3833 3413
2047 3214
8784 4256
6782 7872
9643 6991
3372 6955
3946 1738
1163 7859
1697 7771
8120 1169
130 6874
7216 7059
9845 916
6787 2486
5895 6126
8217 9085
7753 6548
8365 6788
5938 473
4963 4309
7056 6878
3966 723
8096 5066
4823 8375
529 6391
9230 3449
2566 9989
3882 3587
1354 558
9142 1566
4676 9597
5146 6723
8224 6654
2275 2062
4109 1352
2712 5647
4614 7421
8681 7859
3721 5475
1478 8608
2284 6328
2648 1357
2895 9417
4960 4709
2521 4982
1682 7147
5229 8548
2268 9137
6307 8304
7477 6275
4300 1599
6172 5092
9061 54
6710 557
680 2720
4260 6385
9810 8986
8589 9445
6720 2766
3763 308
729 7636
8085 7617
6483 2193
8928 6834
2415 3313
1709 4364
7284 2311
3233 735
9217 9853
4367 2948
7269 6405
5006 7548
7 7206
5431 3317
9728 5235
7690 4812
6899 9040
3973 5159
8108 7881
4663 4884
6142 4797
2658 4105
9791 8907
5282 1772
7690 8139
956 2929
6592 3359
1582 901
3144 4622
3952 637
4434 7253
7122 3661
2487 6102
4867 1815
3219 1870
6219 427
1003 4289
4139 1356
6707 8303
2651 6901
7523 3409
9439 607
6469 2569
7689 6087
6509 5538
7563 4234
9240 4105
4087 9073
2323 1827
6504 1867
1092 7126
4395 7995
4447 2856
2130 7423
1875 7024
8492 2462
5958 3705
7692 672
1633 5713
653 9824
8671 3461
4980 9388
3021 9327
580 9002
2303 1307
7340 6196
8437 246
3831 3006
5773 5379
3633 7820
1058 1694
6537 2418
7284 1964
5480 2924
2684 4543
484 903
1909 5127
4409 726
3445 3322
2418 7457
6542 3593
2876 3341
7973 745
6931 7215
2783 90
870 1197
3153 4075
4400 6695
7185 3332
5006 1544
2834 8974
8472 7545
586 7484
7653 539
2570 6360
3035 4930
6681 9073
346 3853
146 6894
4936 4824
2393 613
4491 5004
8033 13
1936 5359
7103 5703
6059 7495
2223 6946
2234 9970
3529 1924
2319 8563
7762 6269
1726 2398
8744 8900
5493 7311
4246 5288
6343 5738
9023 4825
8459 7048
9271 2627
257 2714
7358 8069
3526 3523
8926 6095
9322 5344
8289 2710
1595 9702
8489 5167
6095 3603
227 1543
5228 9404
2764 2650
6098 827
4723 8663
8706 3858
7831 370
3913 3990
6351 5975
7682 3122
1406 6857
8237 9646
2380 2430
4196 6876
1942 3047
6215 8959
118 7147
5022 925
980 5541
5524 3943
8087 4615
5674 4947
