1331 5923
5132 7923
2986 7049
6847 1232
5303 6376
4679 4667
500 4075
6210 3862
1966 9118
850 4996
8575 814
8475 4126
7796 440
3343 3080
2513 7872
8028 3094
839 9149
3172 5291
4469 940
6895 8405
8877 8401
3049 5560
7197 5354
3927 7140
8054 2008
6797 3677
9303 7773
6636 3645
4271 8442
7601 6593
6307 9913
7615 329
129 879
7392 3049
2000 4691
2520 5336
1411 5421
5154 5634
1187 5676
4462 2611
959 3144
3394 8332
5232 1906
9508 125
5387 3672
1214 4678
4200 9189
3120 5686
4320 8099
4185 9868
4332 5454
8766 8850
4345 7057
2179 4147
7700 5938
8616 910
8582 4127
6103 7005
340 1441
1143 8777
9078 9804
4872 4428
11 1864
7176 7491
9783 68
3801 2017
5272 5021
3389 9242
9142 2108
8065 8740
963 5702
5656 9260
1417 8340
9682 926
5759 3246
267 5673
1007 4212
5403 2738
3458 7509
3560 5034
2845 6071
8203 8311
1534 7713
2212 1682
3383 1004
7793 9140
3186 8416
2192 9527
4325 7562
6276 6964
8976 8052
3508 3583
1878 5828
4412 472
9846 7209
8868 1176
2720 7733
6726 9741
6137 2422
234 4335
8396 7456
545 1454
1122 4620
5392 8824
864 1691
1317 856
8809 4985
2608 1850
6443 5218
7621 3821
7489 2946
8618 5453
9409 9165
7848 2725
9285 3920
2462 8514
1672 4944
9452 9768
390 8410
5236 2223
6751 1441
5717 4286
2458 4756
8660 9318
5300 5945
1838 8776
4038 1965
7862 3954
8686 175
7820 4042
8672 8046
3326 7636
3531 6618
9859 800
7498 7862
4471 900
1545 704
3107 462
9986 9999
8886 3516
5126 6608
2501 3046
9872 798
377 6400
9506 2522
3362 5488
6632 509
5851 2862
1488 3665
2576 7188
6211 4828
8923 1487
8826 9489
8930 259
5370 2655
7458 1424
6208 1243
9501 4080
3465 9297
6899 5537
7955 7419
5579 7876
6122 98
4809 1074
4915 7056
2569 6007
2635 8374
7855 9595
3863 6548
1945 2795
8757 5456
9953 672
7051 6871
8941 5348
1139 8876
4529 8656
7316 8832
3841 7684
4387 2833
5172 1606
2516 4237
2708 5529
9303 7195
8337 306
4271 4090
4553 6041
2041 7697
1844 6794
9534 4885
7743 3395
7417 6954
2238 6646
2455 989
4469 5187
9732 7337
1349 9135
7580 4141
3677 754
4060 6330
321 5243
9769 3161
8143 4218
3981 146
8606 1041
6862 3371
198 186
1340 6755
5063 3127
5310 1282
842 1567
2871 5187
7390 6963
421 8793
3119 2283
1548 7297
3458 7356
4460 1038
8266 461
3683 8754
3979 3939
5327 6314
4113 4390
1531 8668
1046 5562
3392 2336
2248 8727
6796 5291
5418 961
535 8500
7448 1026
1952 5707
3141 3709
2508 6277
7878 4365
957 1678
1703 228
7107 5343
2051 9195
3604 255
9982 4719
4320 8214
8321 3944
3218 8052
179 2267
4970 4751
3600 3925
5224 7321
8422 7043
6494 9952
9235 1463
8653 1261
8856 8185
8289 9811
864 1260
7803 3541
2183 1671
3026 7132
2732 5945
4582 9629
8856 4840
8201 3124
6328 659
5475 6254
2070 8063
7667 7411
7570 198
7816 7225
6955 6355
8058 1723
6756 1341
92 2540
2789 1834
7856 8787
1410 8172
1355 981
3366 8893
7472 2714
7945 2053
9942 8350
5511 6968
1480 6282
8927 1035
6758 7720
7630 8611
5111 159
2303 6747
5764 919
7091 7952
7150 8332
1739 9981
8734 1279
9825 6320
4064 4910
8028 6827
706 2377
9992 9212
6374 7242
1326 3526
9600 4238
9913 8286
9601 8838
3858 2312
6273 4904
3582 7183
741 4107
2777 8071
2452 2631
6762 1886
1459 5576
8747 7355
1403 87
3367 8540
3452 9206
4489 7582
9539 643
3091 3215
7783 8662
7974 9150
4204 2596
371 9768
2548 2121
8262 604
274 7385
3746 4805
8578 2967
9989 8651
8851 3865
5027 936
1156 5099
2786 554
4706 7453
5466 4509
5835 204
9401 5854
6889 7016
503 9302
4614 6071
9660 2147
6989 6970
5360 8210
1822 2491
4625 3850
5447 1874
2010 6928
354 4167
7423 9470
1814 3063
6916 9174
5736 8601
2687 3985
841 4050
9482 1316
817 7234
6349 6756
5191 3853
7900 9264
1241 7114
667 9770
3995 3369
7588 9254
1942 7804
3825 4587
9240 1091
9431 791
8070 3237
3079 7492
6268 2036
3241 963
4771 6110
2477 8936
7328 254
7255 8679
839 7625
4536 6512
4057 6487
316 9304
6745 6054
6285 5701
8752 757
6475 699
2187 8148
5810 283
5938 6827
9246 7209
9234 8176
6989 3958
716 3631
1132 379
2224 7586
5359 9639
7800 298
7655 9712
6058 8945
2928 4711
9741 1958
7883 1054
3118 2637
1657 4976
8778 2397
7064 5876
8904 9808
9212 9132
2283 9571
6929 6061
1185 8161
6085 9272
5187 4775
7872 8666
7957 5419
7762 7109
9769 9953
8407 4113
4723 103
7679 8444
6702 9207
5950 489
1720 6264
9601 426
5149 3494
2333 6001
3147 2686
5193 6255
4453 4688
959 4757
5646 7400
8262 3824
3527 8175
6281 9628
1584 5223
3581 9541
3055 6401
4294 2684
3953 3211
3023 2579
9791 8937
2018 5580
5321 3098
1561 8678
2023 8833
2084 7977
7073 1945
7198 9963
1852 8730
6858 1525
9799 5786
7285 8673
939 9786
2541 4250
4296 7797
7848 9607
9050 1657
9176 9191
8748 6539
2199 1011
2054 2973
9761 6483
5962 5987
5459 9136
9421 2074
3093 3570
836 9936
9519 5036
9575 9996
827 8827
6832 1635
9057 4397
4622 5145
9834 9317
8959 109
9355 4953
2923 9376
1783 7501
6256 1687
1726 1533
2706 455
6689 6874
1235 705
8930 835
2305 1666
1189 8282
8085 8498
3360 1263
9659 9990
2491 5129
2507 7733
5664 2089
2615 3464
5880 3568
3564 4923
8014 4131
215 8013
9022 123
1055 1226
5511 7380
533 967
2107 9691
5468 8863
7707 9778
2078 4959
3993 130
8432 3671
9332 4250
1532 7624
9040 2095
3984 1532
1945 911
4589 4041
3104 3367
1731 9200
1549 5379
8887 4782
8026 9423
362 7658
8682 9583
7272 5793
3885 1300
5642 5970
3849 7862
5882 3019
8135 5241
9327 730
8269 8550
9912 2785
6210 6933
5805 5461
9767 4769
5598 6573
674 2485
1419 3279
8039 7482
1860 7620
4951 7137
7900 1087
1835 5867
3246 6063
9825 32
2717 4785
4532 9202
8518 3694
9173 7126
6935 6298
3835 1861
7179 7407
5580 9018
2605 7973
7058 2134
9192 1206
7795 6071
6386 683
4195 4422
6453 5468
4760 6403
3015 9516
215 3235
9524 37
1351 4182
5039 2132
2117 7451
4701 1231
7945 3042
4323 1221
2152 8333
1009 1395
6710 4322
353 8621
9665 987
7286 1615
5830 9387
3378 9315
3291 6580
2390 3111
5552 3981
2207 6187
1310 3730
218 3371
8980 9560
1374 6705
7728 7693
6801 7266
2997 6154
9294 7612
9507 6478
2424 8210
3083 8730
4316 964
7591 8748
5148 4236
8744 4205
9303 3274
187 7307
5440 5705
2624 334
2827 5623
2517 9063
2703 5077
2888 9194
4326 9540
6158 1222
2376 2488
3983 9404
