586 248
222 1726
653 1604
1872 1524
890 217
1175 1904
1456 1858
1516 1163
346 725
411 23
1788 1470
1906 490
1683 540
41 1102
335 1512
990 1303
556 1649
919 1067
429 61
1504 1557
825 202
1437 1034
178 1734
840 739
1647 753
1566 985
1064 1039
590 968
594 991
488 104
1747 1064
965 1125
820 204
29 719
1377 374
154 1072
197 837
1941 1591
1434 1342
994 940
1761 525
508 866
587 279
1393 1825
637 1370
1124 1003
812 1884
135 26
469 1362
1146 1658
1025 1
1726 642
1361 1430
1613 396
732 1690
1357 1910
1227 1842
1938 105
604 318
296 1196
128 1518
3 843
1369 358
1176 480
1618 1691
1159 1009
999 1601
341 1842
599 1216
585 1020
1099 1530
951 1346
794 1008
769 630
1396 506
1406 453
1350 936
1183 1374
919 1824
1662 81
395 131
977 683
1223 862
363 604
349 1178
1620 30
344 697
263 1268
601 41
185 432
1841 1824
457 1946
723 1107
1650 255
1172 1129
1980 123
326 252
205 222
948 1920
1687 723
1876 122
1073 1751
271 1023
1052 563
1802 850
984 588
1923 126
910 1010
861 722
979 62
1805 313
744 1046
440 430
154 715
1034 769
50 314
1153 11
327 801
1880 531
1160 1166
523 406
1677 283
1596 305
725 675
1965 1656
1408 1951
194 288
1930 474
708 1789
371 846
1248 1181
1839 1013
1739 1876
28 1511
1191 1625
1670 716
1216 842
255 1953
427 856
1345 251
85 575
1451 1098
104 374
172 1184
1855 1240
1171 1707
770 172
1097 385
293 1398
132 328
1511 698
1606 1421
814 1537
83 1329
1865 856
1620 353
1820 282
938 726
1677 973
1590 976
684 464
305 542
630 119
1883 1531
139 1819
181 1734
1147 1893
1599 1778
1062 1322
1744 1835
1429 655
417 1447
728 250
1191 1911
482 1243
410 1472
526 1317
1730 884
1850 1710
1819 67
890 340
493 1675
1050 1992
139 895
1354 396
1 1705
1431 1706
567 911
817 1882
1658 1528
202 117
1771 304
1232 1898
359 557
1836 620
1307 1690
1421 1779
1107 1468
764 1276
1535 878
1091 1098
1848 1463
584 997
1045 515
830 1201
391 1752
1689 1417
1342 571
1632 1746
1203 1363
1582 198
349 1907
1422 1861
1612 1242
1150 388
506 1795
695 428
510 1237
397 91
1798 70
608 414
918 1106
1829 1537
1390 103
1029 1631
900 389
1981 1693
38 115
598 1153
172 1677
1689 1070
497 1179
1743 1002
451 500
62 1967
1886 237
1431 1400
1727 1397
1846 1576
757 807
333 1422
1262 283
793 214
1752 1741
1485 853
18 1619
787 823
1164 1467
1213 882
1056 377
1262 0
65 658
1309 1099
286 1358
609 972
708 485
682 337
1204 738
895 865
425 588
1063 1452
296 450
1846 499
1313 1874
1850 1868
1028 663
1044 378
354 1212
902 1728
630 1644
508 189
1996 659
680 58
797 618
1088 1855
162 607
718 392
1492 565
1194 1517
655 466
116 549
1217 1405
1763 737
1260 1635
719 402
583 1378
1006 1069
1786 1276
27 481
1362 1349
1551 1507
1260 1441
320 469
1785 124
66 1698
1034 267
445 607
1702 1901
466 211
1785 1022
185 1390
1361 944
654 949
1254 29
51 339
1347 695
155 1361
1023 1208
1026 406
787 729
29 1570
1421 318
967 928
560 216
531 925
788 1553
1764 1512
181 1403
1635 65
768 1682
1204 131
1951 1500
1889 1538
851 732
1145 1654
1680 1994
1340 1421
106 110
872 1250
919 728
359 1642
56 1153
1615 1317
1052 776
1122 1796
1856 150
1222 646
1755 769
1271 1500
649 1381
106 683
242 1972
1608 405
733 1636
531 141
404 870
841 864
1867 1643
758 1767
1010 78
1524 1914
1270 1750
1615 1306
1615 1010
506 694
1479 1925
468 1263
454 733
950 483
1773 1111
205 275
1198 148
1549 110
1620 366
1509 1443
1674 1824
300 10
35 1800
1389 1546
1276 1572
1987 425
949 1423
129 916
1682 1736
1712 350
1543 330
89 1843
1040 227
656 863
815 451
1709 186
1841 1354
1552 432
1677 1960
797 142
1368 276
255 1785
1443 287
1977 545
1081 1413
1967 1050
1910 825
1402 1982
1428 487
412 301
692 1058
922 1487
424 867
660 46
1053 911
1253 1473
1634 715
458 1071
1784 164
716 1874
1821 29
581 1765
1901 914
1582 1283
57 827
1568 1867
805 1919
1394 1164
1876 1866
1891 1907
178 714
1912 1238
118 1760
1057 161
743 415
1749 16
1067 1091
1687 1304
953 840
299 1808
15 166
169 114
228 1228
383 387
340 442
1235 1398
823 418
1259 1097
984 36
1556 1544
1701 1977
1530 690
1103 1685
528 402
1674 1953
203 1543
1263 30
1441 1763
5 704
260 1119
504 682
461 51
1347 423
1089 1156
829 65
262 538
359 480
1501 1245
100 564
1499 77
546 1142
118 1551
980 1096
1743 677
615 318
1772 638
1821 762
1109 1418
1330 343
1269 1657
769 1560
959 1555
1150 1205
1533 390
385 1484
245 1905
247 1045
485 286
573 469
789 543
955 1243
38 1408
863 1085
855 600
265 896
339 192
713 675
52 799
710 325
1140 668
1374 1759
1611 25
211 1278
1661 628
523 1766
829 1014
1562 738
1433 1347
992 506
1199 80
659 1569
1506 799
1811 1270
106 118
1396 1889
