2975 7869
898 1574
1486 8719
752 6712
4890 3651
7002 6020
121 1464
3085 9338
510 7819
7113 86
992 8297
2585 4497
7519 7417
395 9900
8008 5011
6612 9125
2615 9889
8610 4404
3522 4571
7321 3603
981 8762
4985 3376
3945 4942
3241 797
4035 8875
2786 4473
6988 8271
1384 9014
7599 4166
4307 2161
7141 3067
1168 3339
638 6199
6621 6458
4132 9315
4816 7651
4708 1702
8696 5024
4741 7200
4717 6281
5519 709
1916 196
6506 8425
4102 1118
9988 1905
3978 5745
552 7797
4000 131
390 2117
4100 8518
2796 2933
2344 2080
6420 9230
6577 9431
263 802
9888 8427
4382 9121
4232 5272
5318 8182
9336 4844
8145 4362
4839 934
5918 6352
4930 9275
7886 159
8259 6170
161 2248
5315 4332
7670 7580
8962 1952
7409 1254
4550 9015
4512 4479
9039 2407
6810 6786
6611 2982
8259 4410
1804 9790
763 4047
756 4126
3579 4576
1388 7252
7934 380
1064 6548
1874 1411
4834 4222
573 3935
5344 33
4461 2569
9940 7809
4464 3274
829 5672
2959 4614
2912 2362
1700 3521
8806 9956
6570 4217
7480 1461
2728 4841
9683 1128
3309 9556
172 2522
8503 288
5561 1012
4078 5889
1926 4872
2935 114
4020 9783
586 7586
2543 6609
2577 6168
6687 2301
9059 241
1843 7636
2774 815
4814 7282
4809 4620
4117 7359
9471 3424
5769 1380
6747 3858
6815 3325
2189 8719
407 7493
2122 5672
3950 8927
763 806
7623 6979
4796 2970
6876 2441
2832 8253
6471 2252
9 2589
8224 9858
9347 6528
362 3303
2882 4405
7615 6716
3824 3636
5207 8482
2262 5854
9887 7659
5448 3237
8825 2629
1603 3025
6393 9696
1944 8112
705 4253
2503 2395
4920 1899
8548 4907
9724 6188
4273 1775
5076 4283
3586 8295
2607 9648
1286 6789
7139 5006
7272 3968
9815 3497
3009 6158
3573 5068
5284 2530
1572 1894
4576 7896
4661 2076
6529 9007
4319 2575
592 6623
7280 2135
9842 5285
6615 1299
619 1710
6575 9817
2472 5649
2640 9083
6127 799
3640 9982
3840 1543
5632 9238
7885 5939
1711 5543
7131 644
9221 4183
1326 9955
2695 6718
5044 1872
9527 7890
4610 9230
5425 3808
7280 2617
7073 734
3851 6778
1498 2080
6752 4432
9068 1356
9643 2250
7947 3856
3734 6671
5471 807
