7197 1694
8042 4642
3155 3304
2151 1385
1408 1138
6748 3974
2359 3852
4841 9636
760 1403
7248 3904
901 97
9759 8429
4887 3866
3539 6272
7913 4421
7612 1041
6427 328
3358 2348
5205 5275
1344 4238
9405 5206
8282 3017
6639 6767
1054 8847
8461 248
7262 7809
5371 6633
2910 4081
2988 1396
7314 8781
6699 1443
2774 544
9424 2529
8361 5393
545 9257
4563 3845
1801 7559
6832 9555
1256 5941
8013 1546
8181 4429
4673 6306
401 2942
7372 4542
8560 9057
3519 5858
7330 8540
9304 5467
6283 4449
6056 5037
7267 2766
5558 9182
8101 4167
3353 8288
4944 6852
6748 5665
8136 6872
1254 502
7898 2525
3357 5803
6091 8553
6962 8797
9464 8388
2654 5630
2283 5021
88 8752
3115 1926
8061 7423
6811 7780
2806 2506
7552 9275
5583 4887
3330 5760
9737 2569
3491 3022
8665 4065
4367 2005
4837 2261
15 1971
2735 5842
3374 6990
6106 4887
5191 1331
7072 6860
8636 1786
9660 4750
930 3957
742 7593
9609 9910
5285 5697
9653 590
9191 7312
1200 5861
8570 5749
314 9101
7734 1368
9983 7006
9286 6916
883 5893
6248 7063
