7475 804
7599 6995
1614 7339
4657 6662
3262 7538
5497 3512
2689 5516
8867 9704
6274 44
7359 8948
4716 2295
8833 7905
2946 943
4605 161
2353 7513
3639 871
6331 281
4651 8094
1429 8466
8376 2232
8216 8147
8631 9532
257 8243
5140 6034
5518 6512
7105 1499
7706 8434
2166 3723
3812 571
4047 3585
1596 4775
2945 4526
1549 9018
3095 5587
4275 388
7309 5070
2749 9469
9055 7080
9336 2594
3217 9466
389 7540
161 8236
6830 923
7144 9698
6865 1829
9390 1132
5891 5709
9875 8165
2789 8295
9834 7762
8044 6423
4404 632
2235 6846
1629 4076
9984 2038
5438 9394
7004 5997
7803 262
4724 3090
3451 5440
8220 8987
3655 5504
655 5620
9085 4608
4200 1273
9699 7036
7016 9689
3895 9170
6701 2021
6079 3069
1861 9912
5217 3733
9487 4291
5847 8863
4568 4645
1587 2877
7069 872
5139 6915
7963 1913
935 224
4555 7851
2772 5331
6943 5782
3930 2593
9667 1197
4395 7239
1108 3384
2091 2818
9112 6163
5432 8599
9835 4692
7372 4089
1991 8752
7889 310
9092 9145
62 3119
729 6920
8019 3613
8910 4629
5186 1432
8111 3929
417 7370
3287 9527
422 287
2699 5062
9495 3064
3296 4297
8117 2117
4822 6222
2329 3927
5312 5871
6204 4701
430 4061
2515 8910
8905 8873
6789 4138
175 6662
1898 5536
1851 9403
637 7022
9828 9526
9795 808
7880 1351
9084 7864
8025 836
9941 7858
5107 2192
7494 7268
8748 8533
8672 553
8176 8187
5638 3098
8245 8375
1808 9258
3795 730
2197 6579
6103 2705
6092 8760
6994 6291
7450 8746
2934 4336
9688 5962
634 4047
4887 2843
2456 2492
4338 2752
1474 5347
3685 5053
9969 4800
4683 8764
5027 406
8509 8492
3236 2500
7019 7939
863 8142
1483 9370
1456 2112
2831 3287
4427 6796
709 2602
5441 8891
9736 2579
7980 5625
7946 8092
9532 2240
3151 3850
8824 9408
3997 1451
9003 5384
2203 6001
8777 8014
7042 9161
7439 4702
6073 3991
21 8497
1051 9012
1251 8831
4776 6088
9127 2606
4328 8120
4938 3315
4311 734
7117 8783
4400 8745
3198 7854
1390 831
8083 3627
9643 4440
4950 1082
5027 9011
4915 5252
8632 8777
6655 2016
7524 1029
664 1526
6889 4321
1330 1640
1192 2042
4203 8878
1866 8347
3931 2486
6308 6525
9113 7375
4341 7456
3832 9120
4684 9411
1399 1369
3564 3811
4078 7583
3388 444
1662 7911
2414 213
1323 9128
8296 9031
2153 4130
1203 9735
4753 5488
3132 5936
1545 5709
3737 9773
9504 2630
8311 1976
2397 9024
9373 3956
4343 6663
2728 5483
2184 5760
4146 45
7974 9156
735 4269
5285 2045
4662 537
8072 672
9945 6430
1200 6573
5219 6249
3446 922
3319 7251
5587 4706
3633 4608
3988 5247
1601 56
3077 8331
2357 5833
1233 6994
9439 441
200 223
4320 4589
7018 7613
1382 9653
4481 499
2561 792
5484 3160
5478 1693
8415 6734
9733 4368
4445 2068
5053 8022
4956 4997
1934 4958
6989 5437
6034 8392
1252 3544
8258 7225
4964 5207
9679 5036
5183 5825
1113 5484
8015 3510
9546 7757
1881 3304
6338 6928
6253 1848
742 173
6331 1631
1406 4932
2274 4921
8423 4246
2134 954
1670 9170
6181 9190
7283 9237
8874 3017
2326 5550
2614 5676
1578 7804
4044 9165
6378 2867
8007 2100
2109 7455
4772 6031
6248 2877
691 7886
5309 5005
9854 1551
4156 9512
7005 3742
475 1204
4208 7253
7544 1704
7748 3310
9399 4259
1342 6893
8232 9912
6281 5710
9352 9904
5965 4231
5396 1189
9678 190
984 5097
5537 7213
5064 3292
7723 7842
4735 3936
3592 8382
522 119
7820 4644
7374 2655
8861 1740
407 2304
6117 5360
1396 5645
5377 9764
4557 7918
7976 5225
2823 8105
2456 620
8729 5598
6790 4538
3085 1948
7838 1915
295 1039
5821 5672
3354 9577
6269 9554
4454 8400
4352 235
6197 6715
4042 5593
3086 5446
8816 6162
6621 2143
5329 8797
2719 7256
32 834
3994 4289
2670 2422
7848 7962
8742 2084
5971 4386
3832 1836
952 4320
6954 6239
7408 2644
4615 8221
2544 795
7422 5426
8 7072
2723 7079
3940 5067
5643 6825
9915 9259
4657 3122
8914 6045
7655 7940
3406 7016
2647 6251
4064 3506
8736 4497
358 7820
3256 9751
5137 4967
2951 3517
8197 3823
5047 8516
357 5244
5723 449
297 6262
4630 4888
8949 3428
6014 9584
5394 3473
6704 7149
5715 4855
7567 4696
950 9358
6026 6064
6208 1255
2526 3343
4898 8059
6596 5487
9438 5889
1170 1253
5196 8747
2695 2311
5678 3617
8851 3824
7321 8540
2946 2475
9721 9736
