504 651
987 183
1536 1335
1412 695
86 1362
51 1696
153 313
580 623
1067 319
133 161
260 1358
693 388
524 1406
54 1147
1853 1580
27 290
18 828
761 245
80 1587
182 1659
1183 1996
684 311
771 1187
119 1745
295 439
1493 1222
817 1035
320 1954
1584 132
1489 1827
417 1748
1393 1514
624 938
1901 341
1471 1653
506 1545
972 1970
79 1022
697 933
1633 527
1890 1414
422 597
623 98
972 736
1953 1374
1027 1383
368 657
1357 288
692 277
779 658
293 246
936 266
952 644
351 1648
1516 584
222 352
541 480
1856 922
1917 525
1239 1835
1130 1947
85 1242
147 257
1926 1757
235 260
234 331
198 288
447 1720
998 1934
37 886
638 296
718 558
1656 632
1358 253
542 1938
857 77
1436 553
966 831
393 517
1357 734
1937 1213
731 714
139 27
1163 1281
728 1394
1050 432
736 598
819 1861
1773 1849
728 312
1548 906
393 894
272 36
921 1413
1329 387
789 611
1174 1406
1208 438
802 1430
1644 1523
371 877
502 1392
1091 578
27 1901
1516 503
135 1476
1216 82
398 90
483 1454
19 1002
1321 766
822 171
434 1868
222 908
1987 1692
1491 1358
688 1750
1734 747
870 1780
196 430
596 97
1767 105
1631 1186
1261 1191
762 595
1007 1739
290 1058
1087 620
1086 504
554 1987
1586 76
1603 551
1365 363
1738 1337
473 1866
537 1014
1340 1934
1294 1529
1218 245
896 952
1698 923
1197 716
985 32
1341 537
1610 456
1093 1879
518 799
151 432
1547 838
1828 145
1774 1524
1036 1250
1125 1902
1360 1778
590 271
200 875
1974 958
1268 556
831 1368
1148 1001
1389 607
776 587
89 258
1952 447
842 1564
1058 1768
1837 66
1598 1617
1961 1782
1741 1469
1012 986
590 1306
367 791
1339 958
386 1850
551 1993
1003 706
373 954
732 840
973 129
1030 952
1803 384
200 489
1444 448
1942 1722
1122 816
1770 1689
938 813
35 73
137 208
178 1976
846 261
257 1869
1165 852
261 1099
1026 582
91 237
1578 226
505 31
745 939
521 752
443 1888
1852 411
861 1102
41 1400
1703 1169
579 1773
63 484
102 1358
1338 1196
1738 1761
291 633
846 1798
1144 1962
159 1534
823 1135
1947 1762
1101 268
38 1508
322 1276
313 1777
1760 1285
1535 592
1915 511
1098 688
559 1507
146 1597
1799 1258
428 1011
1922 195
905 1096
475 611
1604 92
326 988
1676 1776
1190 1472
1942 1122
1934 1383
1698 993
518 1428
1581 455
1444 287
92 1402
1539 1656
1783 1765
639 695
1524 666
843 530
464 114
655 1425
1528 1029
1977 1819
1319 1590
1557 1610
545 432
1602 511
240 559
1623 1518
398 316
1618 1270
441 765
1150 474
387 1265
1893 1245
529 22
1698 292
634 1214
996 301
1870 1257
1309 1938
662 612
952 1478
499 1242
41 1109
967 916
1343 1527
993 83
1610 1561
595 1034
1203 1444
1364 847
1779 1759
1291 1402
510 27
1844 884
553 1097
1583 129
1501 109
719 1535
1315 735
71 1280
697 946
1791 1130
1409 1500
274 270
709 1980
547 639
786 737
1517 843
1372 1566
