8041 6518
4000 9696
1201 2483
2082 8963
1892 9454
7977 5943
8179 5165
97 2571
6362 4654
4417 1262
4072 7425
6104 4299
9125 8671
879 6683
5796 2500
7530 7301
2612 3670
2908 8444
4581 8923
9323 4324
5386 9790
4532 8043
8292 1803
5550 979
3318 5741
7510 5127
1564 5555
5019 8806
8849 319
3657 7693
7799 4750
1837 1128
5195 5130
6993 4809
867 483
2030 6284
3372 2371
8683 4878
5998 5926
2807 9482
6148 6970
3400 7048
6244 3442
1019 2097
9255 6846
9999 7118
7316 6498
7098 2051
9986 2828
2353 7628
9405 212
8153 6786
5736 4005
9710 942
4958 2034
6322 8405
924 8634
5129 261
9447 6898
2482 2760
6110 5491
4506 1684
3426 7154
4421 3814
7854 2738
3603 8950
4434 2956
4089 4182
7298 7958
976 4008
1404 8365
5107 1651
3149 1606
8466 2854
2223 305
8566 2705
9633 4595
4060 8256
1064 6911
1362 2730
4478 9905
4360 3020
9228 1131
2573 6889
4953 6787
1130 4389
2670 6233
436 9105
2044 4639
946 3153
9057 9018
7892 2528
2024 2446
7559 3390
1229 5410
2263 7219
6509 8995
6396 2281
9187 8880
3124 919
1709 3382
7215 9770
9231 2331
6826 2933
8160 4882
7400 4583
3317 1050
3859 3353
2126 4685
3675 9495
2023 3981
6363 3329
6940 64
9649 9483
4438 8922
2402 3457
2307 7474
406 2128
5933 2438
6522 6950
2816 699
1468 6557
8031 5591
9400 3262
5439 973
3863 7991
7486 4000
2424 412
9688 7268
9708 3841
1208 2490
8066 5023
2081 9117
5638 3580
9057 6984
1216 2036
3144 7865
9292 7277
7741 5479
2707 8632
7217 6349
5225 1153
4400 6062
559 2305
320 4751
5975 2662
3679 388
2763 6101
1254 4447
4317 5046
8435 7122
7696 6239
8192 3659
598 2422
5828 1282
7702 9107
1134 1101
7667 9930
4997 9590
2218 4339
6542 9330
5528 1211
1372 7021
3730 2851
1843 4430
1166 8851
4523 7555
2859 6792
4381 9632
5981 614
9310 8739
8740 9913
6551 1399
1567 169
9331 5304
5835 4356
4776 2668
5693 2370
656 5465
7778 643
4793 2344
8534 1646
6816 9174
2296 253
2270 3957
8994 1603
3574 1434
5548 522
1551 5373
4662 7675
3247 8761
7861 2264
248 1333
7696 5351
1643 5260
7711 7298
2184 3650
6415 8676
442 8139
9235 3521
