4269 5200
7798 2712
2337 9397
5318 4078
2454 7006
8084 8771
5073 6129
5037 7820
298 7395
2202 7742
6381 7676
2334 9586
8073 3269
3873 7483
9772 4062
6880 6218
1232 7
476 4690
8040 3462
5033 4752
4188 9499
9220 8104
6204 2248
1042 2027
5289 3969
3159 8021
5695 3204
9497 7318
3337 1054
5296 6444
8443 5474
1287 5017
6651 5388
5750 9845
7274 1709
1267 5296
7431 2027
5872 2417
4296 2372
4131 6096
8621 4881
9027 3327
692 534
3193 4967
4040 1315
7866 3907
4729 3450
3228 3936
1819 6438
7596 2648
779 1447
4136 8880
3932 4824
2253 260
9389 3497
8074 4523
9377 7601
9236 789
6586 9290
8526 4781
1579 1170
244 3064
2434 9797
9852 3898
6565 160
2191 5765
9936 1462
6969 95
8462 8407
2199 361
5522 9213
4431 6518
48 7015
2463 946
4785 3003
6352 9641
2398 6552
6528 516
4341 7697
7574 4920
9035 2222
2626 6474
9 1454
7380 5835
4118 3714
274 7789
4203 3362
9402 1504
4664 8987
1825 8854
654 1817
7103 6871
2104 7202
6310 7448
7073 3878
2540 9500
264 5445
2009 739
8905 4403
2776 5892
3930 5802
2107 1574
4508 7626
8864 5674
8277 1958
701 1956
3352 5223
2670 9853
8262 0
5466 397
5479 7529
3000 422
9485 3165
6908 55
1654 4047
5755 8853
4013 6183
7311 8941
5334 7412
3041 7843
712 9864
1243 2587
6169 7312
5755 2899
4773 2448
2499 5503
4332 5683
422 2974
9885 6289
7300 3
8749 480
7672 197
2538 4654
105 6276
558 7841
2370 856
6936 9977
5930 9261
6237 7452
848 3151
1368 235
5488 4959
2346 6693
254 100
455 1475
2600 3347
2535 7375
1153 7449
7877 9774
4682 8541
28 9793
2336 3950
6726 8788
9974 1642
727 7680
425 8754
657 9787
2594 4255
1366 2684
3364 1170
2625 7952
9376 4531
9808 6114
9295 5549
5199 1479
7939 5951
4460 2700
5321 9979
4742 7456
1513 7691
9652 5825
4082 2812
5871 8128
871 7641
959 8610
881 6478
3746 9527
2854 4230
9224 9338
916 6264
4701 6385
9183 6312
8343 7266
2217 838
4029 6715
2323 146
8075 8569
4841 4545
1157 2259
3715 2238
5682 9320
4395 2792
9248 2037
3750 802
3830 7261
1286 6773
1351 1315
7838 2904
1754 5032
6935 4176
4057 4468
1563 8321
3210 3267
6125 3928
8610 7332
5294 154
6425 7575
402 5477
9803 5593
5625 9174
5210 8278
6594 5287
5840 7670
4107 7194
8579 2658
3760 4051
8241 5704
2640 7595
437 8262
2113 5930
5789 8406
7471 9859
3108 963
4502 4863
8688 2423
9710 1851
6534 1293
5857 5914
6800 7652
9603 4461
8008 2601
2229 159
4252 9394
7273 3640
2196 8453
8028 7259
461 9412
8100 3334
4458 344
7586 5604
2393 6748
2264 4691
4178 9283
8051 3972
6183 7012
9301 2379
4339 2161
5238 5387
4520 3581
8285 3588
3472 8022
7004 9647
1221 1605
4099 3238
2510 2309
443 4506
2524 2133
1644 8959
4378 5817
1516 8813
6943 9351
9776 5955
5507 9784
2947 6764
2376 9033
853 2395
6204 4543
6450 5155
1002 6668
6228 7463
4007 6316
7732 1328
2475 7280
9735 613
91 3718
8225 3141
6858 3804
6822 8689
1174 3098
3239 4988
3463 5532
4330 9740
1685 2467
4205 3738
4377 5480
9962 3034
4630 4432
7239 9022
1161 1105
9829 1605
9725 5506
6186 2210
9219 3723
1594 5198
6202 9862
1965 7295
8332 5864
5120 644
2821 5449
5243 790
7067 71
4236 7481
4912 2322
2516 3500
4636 7644
1434 8795
3366 884
9375 659
7810 2834
5743 7610
901 4868
8712 9332
4403 9850
6118 5028
6509 8249
5537 4781
3004 874
7857 8811
7047 4071
597 5287
3662 8400
1761 6629
9439 7137
1390 5279
2960 3183
1278 6862
7943 4827
9724 5610
666 1344
2538 2752
4370 2633
4494 3514
6454 1399
4208 9872
6407 9879
922 5722
3715 9765
101 4511
4117 8816
8000 3411
8880 2011
4922 7294
7273 246
3972 5703
3967 2011
2094 7812
5973 5301
522 9000
3400 8261
332 8113
8283 7386
8611 8295
2644 8095
8842 8212
4970 8716
6553 3048
7036 8610
8071 3571
2127 1544
8827 3869
1248 9838
2368 9698
3163 2435
510 1094
2133 9986
5991 419
5992 954
488 6907
7783 9608
8082 783
2462 8124
7026 8137
6230 1905
6030 3499
5365 4557
9928 9141
7692 3298
8928 563
7572 2681
2275 8756
1454 4650
6961 8739
9609 4745
2654 4842
6142 7179
8701 5306
3212 9335
7616 1938
5597 9346
357 567
4268 1614
1271 8579
1969 8889
1690 7082
4333 4780
9486 7893
5137 7780
9707 3594
9166 7773
764 5006
4543 437
2354 2196
5396 3096
5436 6786
2872 1582
641 8050
8493 1983
2168 8960
8421 6683
2539 8831
866 8242
5785 4937
571 2133
7976 9187
2933 250
5964 1499
9930 6470
5391 5521
8126 5880
1471 2262
2076 8786
657 9590
9132 395
1104 135
1718 8440
9091 6403
9788 4485
5768 9821
5409 7581
429 6965
3211 6631
1658 6209
6878 2306
1922 6252
5488 6105
5521 2866
1167 5600
1012 1215
146 2873
7976 3374
1165 3722
5911 436
8204 5002
1576 5790
8067 8267
6501 771
4803 4333
266 6417
6791 1698
1196 6351
2079 6970
8929 9081
2741 5451
8657 1183
765 3850
5669 1804
2619 28
2812 2265
425 332
644 5997
6359 533
7950 5342
8035 6028
3898 1956
9610 8748
6588 7759
1829 4719
8229 7957
8038 8003
17 9655
4754 4835
133 1031
8517 1354
4546 4076
7426 8011
4143 8077
2623 5506
6275 8827
5901 4814
2312 4862
9254 168
2941 6064
5273 9449
2430 2374
4024 5918
5330 69
7255 2
9556 7783
4579 8320
852 9694
5698 5668
1589 2538
161 7733
3827 5758
5406 7427
8819 4635
2113 7735
8135 4038
4081 698
3975 6580
2671 7380
8802 3046
1188 371
1467 321
5186 3442
2629 6209
3641 4187
134 7671
869 9344
542 9281
9533 6665
9307 4209
3795 4519
2336 8318
4386 2394
3583 3417
5162 6453
3557 9244
420 3160
7930 3388
4155 4085
3213 2577
7503 9691
1732 6322
1961 1337
4355 2154
8183 7121
4271 651
9066 7402
9591 9697
1632 6945
3806 1151
4285 486
223 6577
3796 5650
9471 9977
1017 7099
8436 5046
4015 3402
2418 3727
6573 7091
2666 622
9156 3861
4650 2676
1870 1071
8758 2151
6525 8373
3868 182
2515 1052
3063 8178
4868 5096
4913 7621
3820 7386
3247 9440
8260 1311
6091 886
6135 2887
7306 2626
3438 4517
5245 198
1342 9280
8670 4440
2158 1243
5251 5941
805 8613
4029 8813
112 2264
5055 7476
1469 5872
979 5856
5440 6251
2028 5630
5446 988
9237 1353
3968 6206
6414 730
3311 865
1555 2370
1009 2176
4960 424
5385 9629
1168 4692
9717 111
5791 5744
5016 9840
8251 4868
9013 3671
6202 5693
2122 9658
5927 6752
2756 7398
2899 8173
1693 3963
3796 9216
6931 1106
1383 3398
3339 2393
183 9099
8257 505
27 2240
