3829 1805
2812 3130
3834 4170
2689 308
4137 63
2626 2923
53 3952
403 1893
2767 2813
2777 2398
1147 921
4591 4018
2380 1139
2625 2513
1705 2767
87 4424
1469 1222
3742 1719
3148 4561
4752 2483
3161 378
3877 4045
2091 4718
3017 1121
3800 1629
3615 3864
1730 3698
3931 1791
4986 1983
1848 1748
2325 780
506 4931
4255 359
4994 1785
2638 2624
2271 4262
2723 1682
4366 2981
786 2504
2694 2780
1133 1235
4097 1312
901 4361
975 1838
3713 4780
4048 4237
1853 4507
3734 839
4688 624
844 2627
4888 1991
2219 2417
847 1493
2436 292
441 4647
3318 2312
4801 2657
649 2344
1420 2668
4232 4071
4237 1951
4317 3259
1735 4159
2522 1055
1822 2753
3510 1655
47 887
4799 414
625 1949
457 2084
3999 370
253 4703
26 1144
1713 4405
1008 1973
4775 3766
4675 2949
3549 581
3511 4012
1875 1233
4194 832
2641 2291
4939 154
2227 1593
3489 572
2368 3497
2130 4241
418 2238
749 2470
4485 2305
3778 4108
25 3116
696 1616
2350 2991
2440 1677
1918 4730
2341 254
2100 1508
2857 786
1697 4049
4117 1608
4109 22
3888 4337
4216 3899
594 2185
1736 3899
559 4977
3382 3058
4229 1170
2646 3871
3733 2266
423 2703
638 3240
4780 3997
1719 1613
3926 4013
781 2137
3395 3849
2004 2586
2103 3563
1960 3583
3382 2144
2276 2072
898 4596
3228 4205
2134 4648
1038 4583
304 4569
4842 1007
1804 4051
1283 489
1513 483
1252 4926
4784 2154
4924 2864
332 3842
2046 4739
3765 4530
1405 3202
2492 63
1324 80
2139 1031
984 1266
122 3891
2809 4710
3754 3209
1315 1368
2987 2389
1065 2614
85 4597
2708 4559
2394 1343
3640 1639
271 3562
3251 1516
4339 1111
172 2128
613 2432
1787 2411
3181 4139
1365 4566
3730 4273
907 3270
832 247
870 2191
2058 1054
1779 1827
1743 1982
999 4734
4422 2891
4415 3059
509 2777
3091 178
199 2192
1490 428
298 1532
1327 1580
2324 2445
4265 1361
3956 305
2331 3797
4357 2504
3977 2950
2066 3855
1758 730
2863 2388
1001 792
1460 4230
4708 3310
1332 639
4508 2490
2594 2981
2860 1433
2605 3427
4091 2281
468 4979
3012 2708
2334 2352
2818 3919
1752 4969
979 678
3299 4995
2574 4128
1915 3525
1499 2059
1026 179
2864 3959
2129 13
1484 1023
867 4851
299 4452
811 4822
74 4778
3896 1055
3325 1139
3071 3310
3505 3323
2595 4201
4387 1667
4549 3039
496 1482
4295 1260
1289 2527
2755 1182
2181 3805
3206 3476
4503 3408
1627 4146
1154 2224
3451 4058
1641 917
3634 3852
903 617
4135 4481
567 553
1604 3279
4563 1719
4793 4152
473 439
3034 3238
416 2289
4378 3724
2090 445
3419 4079
2156 1151
4360 97
1157 514
554 374
4715 2816
4330 2666
2462 2264
4212 4791
2003 2229
2871 2074
1431 2977
707 3250
2171 3253
1593 297
3459 4228
1009 1870
3070 1130
3428 3248
4749 4910
3541 2355
1708 2283
296 2691
805 3023
4742 890
2032 746
2815 4442
520 3490
4658 2400
1505 4425
2600 2327
807 1028
1111 1681
3017 3634
3110 41
17 2193
1969 2557
3220 4978
1162 88
4498 2041
723 3922
3502 439
4690 2016
1784 744
4475 3073
3622 1173
4301 2511
156 4662
1438 1827
4405 3451
815 4607
4155 872
4890 4346
4718 3834
2160 639
3713 3977
4040 4590
2161 2498
1325 4575
1057 1829
686 4792
3203 4069
4655 2778
397 3445
3044 4907
1440 1339
487 2050
3255 2911
2297 1683
4731 316
577 4268
2612 1549
3657 2844
3732 2165
3274 1282
3535 4499
564 2515
408 968
4683 2104
3238 1721
1692 4087
4414 4019
142 4109
1694 1416
3437 1518
1045 961
1649 2512
1551 2933
2075 3876
1241 2595
1373 3817
2740 3513
3639 1465
2118 4902
3914 2058
3326 2513
1205 4220
4589 4971
2555 4038
2248 4512
3295 3236
1949 3499
1051 16
536 3452
4463 2735
774 1654
2741 2287
4401 3025
3997 3408
4888 2248
4372 4564
1305 3685
3204 2510
3799 2490
2284 4254
1068 1107
1809 1228
3272 559
3790 2759
4600 1231
4033 544
3099 4674
343 4464
4659 1685
3099 709
4401 3806
2091 3472
1949 514
3421 4520
1385 3727
1423 4237
672 2497
3000 3766
117 1607
1671 3010
484 2318
3450 607
3980 2380
353 4911
477 1997
651 3117
1028 1787
4766 3986
1071 1381
3670 2758
4847 3947
2533 1634
2289 3636
4160 4358
234 1541
140 1408
3448 3250
4846 2800
1310 1018
2346 2271
836 1773
3824 2737
1126 4880
4961 4775
1384 2328
4829 1773
2422 2416
1572 3298
4992 1033
448 349
1870 3113
2735 3611
406 3923
4855 4119
4135 4927
2946 2004
291 2128
2711 2018
2130 3051
2679 799
3975 2024
2415 690
3812 2936
394 4845
1779 3058
3590 2204
107 862
4230 1563
4625 1606
1609 2605
4877 4414
3828 3993
2157 624
3339 1899
3807 612
1206 1484
1208 4569
1434 3926
3185 1566
1376 1487
4268 1601
2147 304
4555 1536
905 4574
75 4218
4641 4726
3518 4693
2468 2296
1296 2786
4266 3460
2245 4566
558 3117
2514 3980
581 3583
438 4787
1858 4577
1675 1635
2936 3488
92 655
4534 1944
1354 2977
406 3083
2178 4074
2026 2875
2380 2535
1176 4754
4887 2922
352 1988
3637 4889
1211 35
3604 4547
1860 3697
1519 4523
4357 4784
1094 3390
4579 545
1570 4652
4973 3353
3724 3145
3459 2364
1420 3789
4135 4549
964 2802
2598 2825
3813 2978
1521 2825
1599 522
3382 1738
3876 296
4988 786
3808 476
433 2734
2098 545
693 3517
3134 2983
2861 2281
1482 2343
2100 240
3142 1426
1221 781
1369 3468
4031 4718
4608 1621
196 4193
3341 3841
1926 2336
1025 3890
3693 2847
1552 1986
3442 1495
2805 2185
1864 3352
4244 4193
3594 147
457 1774
1562 3556
627 2267
4870 3879
414 4611
939 1744
48 3337
3728 4416
479 3776
3470 3372
3225 3974
1003 4797
1793 2602
4989 3457
4795 4971
2603 1694
1021 3698
3384 2838
340 3836
3359 1346
4960 2670
3194 2670
4019 197
2922 3377
3499 2896
2805 2669
379 4261
2354 4119
4346 3076
4421 3443
1040 3715
1931 1803
4733 2599
2445 2244
2520 3284
3291 2619
2675 4160
4163 3074
3569 2339
2338 2687
3446 4011
421 4409
414 1875
4334 2394
3173 1327
1157 3308
3709 4806
1058 3290
4068 1270
324 2270
3736 4691
3358 3060
1401 1069
4583 677
1752 1946
3051 628
3711 4911
3822 2245
4610 1618
1135 1837
4306 107
4263 343
2764 4947
3997 3974
2169 2192
2952 1165
3040 3340
4501 4096
1161 4937
225 3283
756 3517
1926 4318
4261 2236
473 4984
482 2135
1419 1908
2365 1366
641 3248
4883 607
3285 138
2729 4614
487 2497
3556 2776
3842 4557
127 3550
578 747
583 502
2823 44
