883 834
732 205
834 935
747 13
930 314
321 454
50 991
388 172
953 581
841 624
779 106
275 606
599 348
657 598
647 822
377 987
995 425
478 584
666 510
881 944
355 102
727 396
289 549
565 947
696 524
45 803
113 95
408 941
231 242
317 984
790 257
939 949
194 757
549 174
278 337
55 77
840 92
683 82
767 948
388 893
56 709
171 265
111 896
399 740
904 925
529 958
510 194
663 122
984 553
760 720
560 982
766 979
842 681
100 654
934 762
995 97
702 535
62 44
475 487
519 444
518 221
402 6
211 261
871 43
826 698
894 806
944 632
321 763
18 456
201 945
490 911
549 153
345 440
654 102
175 905
17 524
901 362
785 831
409 183
248 41
591 650
894 653
514 762
119 54
501 587
57 655
666 737
904 501
941 969
749 501
682 470
593 413
478 927
731 786
722 181
609 428
729 220
856 260
788 982
816 151
96 990
369 467
143 560
853 865
216 275
732 96
772 405
759 658
610 377
390 760
324 793
48 186
123 756
105 978
844 439
750 288
781 105
756 754
265 257
264 405
758 957
285 296
555 967
35 489
115 973
880 242
751 173
848 137
410 835
679 987
305 233
20 449
528 948
493 245
762 920
554 993
110 169
417 656
461 129
555 568
82 579
875 213
18 6
868 87
948 677
939 707
19 875
155 351
964 66
598 982
686 689
622 651
51 688
583 871
969 87
919 716
808 610
338 622
579 736
112 753
895 60
592 252
275 771
756 872
92 876
604 225
238 166
309 253
518 341
215 340
944 581
108 598
86 100
681 337
982 160
944 935
759 506
205 520
210 619
509 908
402 412
789 158
205 97
718 157
22 341
636 679
511 764
821 578
348 688
647 696
279 311
883 173
111 998
437 210
63 207
589 437
80 367
317 854
312 195
3 400
750 175
287 782
146 928
56 291
118 41
363 63
878 876
587 816
72 516
99 899
922 784
454 342
441 663
587 531
347 223
906 217
421 114
688 339
890 360
491 268
591 218
502 387
873 992
236 232
232 230
102 743
664 923
677 798
822 727
709 984
426 420
561 587
315 545
174 918
547 656
223 70
494 688
862 538
353 514
512 628
45 404
312 769
669 714
170 298
68 180
444 10
543 780
198 428
129 972
494 997
141 897
685 209
128 731
976 310
556 595
231 771
244 322
212 485
196 11
691 752
291 117
146 950
101 651
243 468
857 754
619 590
989 617
880 319
414 840
74 123
482 896
360 20
252 751
118 516
647 12
153 772
884 644
41 146
205 957
545 853
901 957
788 286
82 338
748 743
227 712
933 573
720 155
866 777
448 536
935 27
439 145
212 733
394 787
443 213
277 497
715 234
358 340
869 844
388 163
865 497
625 514
837 981
983 675
117 88
267 844
571 377
570 523
20 383
480 987
36 721
459 592
595 407
862 754
673 857
636 963
427 207
662 989
234 436
187 478
80 743
294 792
199 212
680 527
916 171
960 247
832 222
844 220
17 831
556 870
916 911
233 183
232 655
332 452
432 522
196 701
267 406
541 531
485 853
771 912
645 538
205 324
581 325
956 61
292 955
137 569
458 98
882 357
707 778
352 396
431 900
522 271
46 97
488 859
108 53
813 17
807 83
349 151
803 336
675 172
782 442
885 576
204 260
882 790
208 311
19 220
676 583
12 684
301 209
987 817
277 615
526 686
303 513
294 215
547 469
576 93
829 841
367 404
185 241
278 354
91 232
203 970
551 810
542 970
555 690
922 724
983 406
146 479
59 56
962 161
214 8
150 909
911 517
555 531
422 493
819 804
355 578
795 469
993 146
394 306
149 265
441 163
722 988
699 518
602 858
723 873
78 559
250 164
348 334
993 128
31 805
134 502
217 990
755 213
457 151
323 229
628 168
814 413
633 657
295 294
20 70
728 437
416 589
365 694
23 97
943 317
240 465
716 432
538 362
237 49
961 397
479 749
567 12
289 335
471 945
533 51
786 467
293 529
516 48
397 565
186 636
229 598
610 935
319 249
357 83
200 17
540 606
669 898
770 409
529 547
124 722
857 662
74 90
230 640
609 626
247 812
892 940
960 660
161 616
830 954
983 942
781 708
9 289
929 615
147 431
332 670
912 105
567 201
605 461
709 547
144 107
459 413
862 351
266 17
251 294
846 639
302 748
580 34
938 533
912 843
360 969
630 409
791 650
184 7
127 925
383 23
816 236
490 367
778 857
225 9
628 869
806 749
269 623
290 780
144 592
59 796
374 573
768 822
798 462
590 175
156 222
