238 269
450 960
1851 210
412 832
484 1726
207 137
649 584
608 798
1419 1022
1407 562
312 1979
1380 1289
202 1059
301 1527
165 511
762 994
1344 1659
354 236
374 1922
244 1210
1701 1860
1343 1650
1326 205
1313 298
1067 1008
1152 1009
1518 1172
1314 701
520 1861
379 1767
637 909
132 1437
1303 647
643 508
1082 279
1674 103
561 1764
1373 725
12 1114
211 939
1992 199
162 370
1951 1892
1837 1386
1473 1848
1924 227
899 1370
591 1533
1147 924
329 1725
320 1762
1418 856
1095 354
1767 250
1852 333
1969 1313
272 863
1860 1573
657 1719
237 633
1877 1020
586 1543
1134 706
925 612
649 1680
537 658
1102 1879
504 1628
1791 90
1621 201
1697 22
744 1776
1279 622
693 825
513 187
1255 1277
1486 198
1977 318
1874 797
1689 1203
959 1506
1472 1721
40 1279
450 935
57 62
1566 348
118 1368
1656 462
619 1878
543 1233
1339 1049
912 140
1670 1594
1125 1227
1706 1349
1820 1285
1375 630
1002 503
366 1783
674 925
1963 1616
677 1658
225 1952
995 324
1769 1052
79 1359
332 1165
451 1316
662 926
13 1643
1710 1218
175 118
1333 351
154 1794
581 1473
1419 1003
1638 62
1360 1088
1724 76
1679 675
1158 504
1420 1490
1753 1748
1414 413
1943 1892
559 1514
1505 1094
1679 1067
1731 1218
118 1154
469 1948
573 1823
1905 1218
1913 1501
145 1192
896 1859
1948 1834
993 1053
1061 1167
1366 1436
1590 823
1235 844
1681 48
239 1937
848 1302
271 244
107 421
1071 1000
1635 512
1956 636
1153 1762
793 553
1928 283
928 565
405 1626
617 498
652 1374
1093 1158
601 878
1748 1208
839 695
894 456
307 1976
420 837
1781 1472
1210 746
894 1563
1174 1432
157 1241
438 836
488 193
1048 1882
13 315
1985 1184
14 229
1250 1990
1791 630
1876 1197
572 1877
1667 1476
237 47
1899 1335
450 1048
1341 437
672 1036
195 303
1168 1847
1041 1483
100 280
1975 249
1581 447
1332 988
336 1257
1017 106
1170 1085
30 1237
19 768
626 1211
304 1137
822 1508
