713 150
242 32
138 137
616 746
993 767
2 863
114 960
467 456
655 235
350 317
831 414
766 702
541 525
50 981
915 661
64 361
729 669
213 823
955 165
529 764
131 110
314 708
904 519
301 411
571 714
38 204
936 650
705 526
56 404
468 546
500 186
518 388
605 167
755 263
546 749
894 492
121 215
258 797
173 370
492 419
363 538
310 961
311 992
388 478
261 975
215 931
888 47
450 731
543 383
326 56
378 643
770 354
732 414
654 403
376 830
343 213
167 744
708 610
111 338
347 759
300 170
834 719
939 493
124 915
200 776
123 237
219 238
391 984
90 941
692 523
19 460
384 610
882 191
165 836
943 459
350 429
344 886
3 610
186 560
717 908
433 744
685 778
830 92
876 958
581 79
109 34
675 441
857 853
838 845
260 65
687 255
668 541
229 359
868 155
274 848
292 935
761 915
798 978
874 105
472 734
382 449
567 363
271 142
945 320
626 227
667 948
322 481
335 480
494 786
0 847
910 356
726 548
576 744
957 139
923 68
99 104
746 626
694 790
564 976
904 45
259 986
415 852
876 831
90 7
693 136
565 439
153 568
251 681
668 284
784 864
214 417
772 255
23 358
633 854
599 779
66 529
932 76
971 771
579 516
349 156
543 351
411 937
776 163
181 794
47 313
601 99
117 424
135 405
954 685
549 686
511 375
689 392
824 307
586 810
780 746
595 881
994 165
51 300
535 676
486 240
694 401
397 75
371 312
545 43
41 650
501 105
18 705
290 208
954 756
538 375
331 434
371 646
342 937
450 533
894 222
566 810
268 240
123 355
616 478
653 834
318 434
689 997
362 316
807 387
538 896
319 719
80 89
741 27
466 753
469 473
475 257
179 736
844 999
231 774
422 639
457 644
960 992
228 529
612 924
264 27
137 431
985 515
951 646
628 584
987 577
446 625
507 711
79 343
450 86
805 237
385 81
437 986
406 60
322 169
675 285
71 701
465 736
742 442
432 194
549 61
318 759
58 23
426 723
958 5
894 255
380 120
675 838
778 94
195 416
210 606
554 824
968 222
278 926
388 496
271 85
55 499
116 906
251 280
232 389
173 196
610 85
692 570
467 130
23 960
774 722
748 910
416 883
778 411
49 899
546 350
890 251
563 789
250 414
843 256
85 694
906 707
103 616
514 206
963 568
845 944
35 975
781 101
598 282
967 751
513 909
169 944
594 900
144 179
690 571
519 823
781 621
848 299
322 779
526 712
293 80
35 611
897 832
946 468
50 918
242 345
725 112
518 293
594 296
486 828
38 146
106 725
592 680
167 949
268 965
897 12
229 795
875 293
883 39
15 714
348 941
90 123
210 873
324 897
287 127
90 759
989 796
299 486
738 185
388 19
942 860
908 321
381 451
538 121
600 693
32 623
65 202
4 171
917 399
556 926
192 341
880 379
340 687
217 481
521 645
370 182
717 714
233 674
253 465
770 19
336 209
593 220
757 609
764 20
902 460
506 631
735 68
468 704
590 448
790 704
488 174
553 875
680 387
763 21
175 638
65 427
435 281
769 261
89 799
5 710
380 192
625 109
577 542
438 41
821 742
198 207
470 76
228 703
295 701
552 109
718 766
639 109
479 941
609 152
1 442
323 116
284 905
845 483
882 392
297 164
310 22
766 42
569 705
397 972
709 980
29 631
491 34
526 477
4 640
873 550
865 235
717 16
260 961
355 892
758 916
331 112
392 38
476 517
139 676
660 506
702 899
44 296
229 268
255 539
5 484
764 382
191 972
74 297
219 10
356 972
233 542
181 330
358 197
622 988
425 328
812 948
