3567 1368
3092 2584
242 486
3277 4906
1757 3696
215 4258
556 3792
931 3828
1827 4174
604 2369
3991 1026
1432 1161
1932 1037
1836 1564
3541 405
2396 3095
3624 666
1511 2883
2542 867
3071 691
738 2951
1846 3580
1468 674
2026 3306
1259 3990
3767 2958
946 3039
754 3659
2844 1525
4458 896
3087 26
1131 2811
4160 2071
2642 4026
543 1139
4467 4585
833 2851
3602 2974
1550 4507
3782 4298
3621 1531
4231 4933
4843 4261
3664 227
2874 2411
1569 2070
701 4683
4079 1447
4831 1215
3917 4851
641 2751
4295 639
3049 660
3489 121
1200 1516
94 2522
2237 4654
1163 4890
676 44
1823 2027
2876 1920
2003 3870
2806 268
3227 3656
2848 1639
3193 2316
850 2667
2363 875
1612 4386
4817 546
1754 4337
1279 1762
3596 4294
3621 4103
1000 2828
1072 3411
29 3222
2358 1235
4261 3418
1316 2319
2965 1540
3489 1300
3186 1360
3075 4361
2496 1490
838 2049
3917 944
13 4675
1337 3040
2528 630
4935 4656
4116 758
658 2237
3942 1169
873 1952
2752 1471
3946 3036
99 2969
1180 4884
4880 4237
1432 2889
202 2387
2166 1351
4165 3425
189 72
2343 2389
537 4565
3853 4297
3704 4920
1941 4827
4075 4132
2945 3834
1707 3034
1792 2767
3572 4505
3965 1200
2582 2241
4306 971
1717 1099
4871 4527
709 1272
3150 1397
4488 597
1164 3221
2720 1301
4883 3831
4567 4619
2869 4241
2767 1446
4304 1313
4474 3267
1991 3143
475 4533
944 3786
4106 2887
2183 2493
2555 4644
1033 3070
471 3703
3498 315
3707 4242
3294 329
158 486
1238 3566
3224 469
3494 985
3272 4474
905 3073
1045 3949
4476 641
1418 628
4491 1951
4446 3747
2517 1492
738 4345
2102 2052
3855 338
1086 2620
3573 3177
1025 4634
2688 2594
3781 4627
2765 586
4698 781
1572 275
1004 1763
3052 3488
3700 1408
3610 4031
2144 370
4202 4926
2426 4147
1259 2079
2741 4761
4186 4980
2984 271
1820 2824
1241 4623
4574 3415
1055 1129
1186 4234
1938 4611
3798 3376
830 1381
355 1342
2867 1643
2439 2910
3016 2450
2373 2759
788 1794
3808 2995
614 4464
1393 3635
3637 4901
3764 585
439 3490
317 945
3379 4225
3811 3035
930 1572
