9344 9228
6669 1887
2391 3030
862 9865
2710 7523
8236 4315
9605 1836
8045 1858
8034 7343
9809 9403
2721 2997
1480 9089
5132 9991
8374 7116
6164 7981
5222 8233
5545 1425
5757 8875
5505 5584
7803 5905
1870 387
7963 5770
4438 1204
8876 4007
5806 2792
5920 5646
2693 5275
8489 3139
6484 7261
2483 7797
6899 4648
803 2939
2868 4091
7530 1142
9773 3903
3661 8782
3329 5710
5380 1284
5398 6272
4921 7057
4387 2684
4110 4101
7971 6101
7459 7695
775 641
5634 7955
7459 3184
2850 1268
2637 3778
308 9391
5245 693
5065 2579
4319 3748
210 6560
3160 6206
4745 7822
8483 5798
4362 3757
2439 7884
6464 2957
2106 796
6817 531
9043 6913
8597 6586
5382 6643
3118 2893
4313 3663
2612 1117
8429 7142
2302 9417
2910 2306
3945 6879
6633 67
2921 2155
2599 0
2770 7117
8824 7250
2872 3819
8061 4935
4883 2654
4 2226
9139 3030
246 7341
7189 2573
6768 3193
4525 8796
175 9938
6672 8411
411 5088
9137 7532
6758 6056
8670 4780
9583 4171
8366 9110
5505 1373
3458 8379
6343 9452
6352 4847
3229 9055
8394 1152
8130 7496
1422 2115
5859 8212
3831 6188
3434 8719
7374 4833
9956 4809
8241 3554
9951 8932
8749 279
808 2003
7707 5935
6879 5864
5887 463
8513 7606
5018 44
690 6190
6011 3199
744 2741
4804 5773
8893 1004
3263 4209
7697 8748
713 1475
4462 1599
7668 9995
5573 2109
1927 4880
4239 2960
9769 6361
4246 5736
8905 1729
247 6514
4195 8624
7431 993
8407 2526
2178 3154
7506 5103
2167 9733
5108 3390
2370 5718
8670 7833
9846 3679
4158 6127
9428 3406
8645 2965
8537 8757
3578 5258
7107 91
6906 8315
6891 2462
3939 240
4174 3290
9099 1773
2740 4574
108 618
8097 9323
7609 260
467 5379
3593 5288
6385 9466
8185 4211
7409 645
9243 2809
5705 3344
5476 9945
4681 5358
7495 5746
9881 4881
2234 6826
4880 6259
270 7813
4392 5192
6271 4952
7539 929
8121 1994
8629 1882
2627 8395
6901 1531
8174 4989
5753 6748
7574 8219
8662 7677
8949 6438
2672 3256
2866 5260
5409 9870
7644 1252
5394 4575
3519 8006
5633 7163
5307 7808
2613 1020
9031 4516
5332 527
5350 9659
6349 6072
6004 4198
1385 6617
4509 7891
8225 959
3344 5220
9405 9348
7728 670
7767 4853
802 1339
8195 4277
1316 8094
7804 7861
8331 5093
7085 786
8174 9196
1481 2844
4633 5409
4692 5861
748 3003
4631 4469
1868 1879
9900 1316
7455 9053
9335 6167
8036 1044
8955 4895
8395 5404
1925 4898
4791 7975
9665 6191
603 3983
851 2495
4983 2066
1738 4470
4328 3566
4974 6550
4040 3692
7483 3775
2275 3568
8760 3248
3275 6749
6292 4243
8015 269
7079 9554
1124 4515
9557 4924
4701 5013
6403 4459
2925 5564
9655 1670
9330 9872
3569 5243
1385 8725
5000 4901
1692 1034
8620 396
8911 1994
8056 4145
3154 8872
4283 7858
6345 94
2733 631
5420 3526
8424 3025
1039 1005
1996 3452
4862 4857
9356 5377
9881 5169
207 7449
1393 4282
1405 3582
4364 1039
9301 2197
4274 9605
5033 9700
514 6514
1774 3259
7046 4694
4582 2217
7968 3638
7572 5648
56 3576
4666 2156
5184 4538
9263 6791
3169 552
8985 2447
4817 7191
5959 8879
3701 2925
5147 9964
9611 7338
9625 5291
2370 7259
5265 7590
5110 5560
3344 7487
2138 1779
5731 9239
2408 7219
8825 6238
7809 6828
