1874 1404
1414 28
257 1375
54 1055
1949 1658
1865 1546
1679 1878
117 1198
1608 1281
437 1825
1994 22
754 650
543 1484
1129 1081
1650 1643
302 517
522 841
157 106
1809 782
1795 1562
1772 778
40 538
1591 1270
606 1070
242 575
1595 1394
1190 852
1935 1459
1695 1964
1400 931
795 1092
730 1765
836 795
699 211
1216 888
1782 98
389 1265
1229 1128
1789 1965
1820 1353
1615 977
1859 37
17 999
414 81
36 307
1200 614
628 687
1846 1535
30 810
157 689
907 1737
1049 1850
1454 1097
1067 177
171 792
1756 1539
1814 1394
1860 1167
1316 1634
1174 986
54 1165
875 1244
1019 79
1226 163
768 1991
920 940
1147 1819
888 1710
1287 165
122 882
1188 1623
1074 1905
854 189
1314 1924
1403 1309
27 1457
837 527
899 315
1466 382
1640 1161
382 412
1559 495
914 1406
1051 876
1827 1587
277 1671
899 168
443 194
105 462
1745 757
668 1831
270 1064
1904 789
254 1452
1961 1467
40 1994
1672 1956
1528 1586
266 281
1546 1203
1248 1124
1657 1729
873 1363
74 388
1370 623
38 1293
1949 1460
81 921
1094 1181
1284 604
902 1946
800 1379
145 1999
1213 1194
89 220
300 1317
1629 636
1549 751
959 634
617 920
740 992
82 544
1768 1979
1691 1155
587 949
1992 880
371 1377
112 1948
957 1344
355 718
1037 1055
1352 1584
1234 421
1678 871
1669 538
1077 74
1580 800
1553 887
975 896
1763 244
1469 673
1817 1652
72 1297
891 728
1584 435
64 340
1329 1888
92 0
1625 136
364 589
453 642
1397 1724
689 895
1969 1090
1404 1780
1807 869
1536 108
1008 545
1587 1840
1084 1391
1325 586
1152 1740
1234 1974
1838 1344
1303 935
189 933
1067 844
1977 712
555 344
309 895
1541 1850
1683 216
1422 767
824 1018
1233 685
632 1504
302 243
1291 932
964 1139
1508 445
992 1256
393 110
1075 1604
1201 1451
1486 608
1122 684
1087 274
385 430
1465 1189
164 1391
1182 1230
1636 454
123 421
911 321
394 1139
1254 712
1779 1696
678 71
551 78
1631 111
460 982
248 1542
1104 1279
65 1200
1103 1571
526 1359
958 1282
1662 1650
1131 1180
390 441
340 1872
1077 1780
699 661
1127 340
952 857
135 1486
1607 1020
420 1960
269 597
398 1021
1435 1055
1140 1426
1749 902
310 1422
21 204
664 211
801 350
874 1912
447 390
487 1125
1292 660
346 494
557 888
604 977
1532 109
1596 1623
1713 325
1180 931
233 871
1961 765
1376 378
1792 308
1729 23
1424 1221
1653 616
1998 1035
1199 901
1935 909
1734 1900
1890 38
1414 147
389 1571
936 467
803 1282
1253 458
241 1720
493 1806
44 1415
333 435
1649 30
1595 1999
1526 378
886 1666
282 938
1383 855
24 430
1746 529
1428 1488
972 1137
870 821
1416 1172
406 1298
393 743
1638 501
1354 1738
1050 1878
739 618
1772 30
1296 1342
402 128
1485 18
218 1778
1131 892
178 199
1524 1677
1260 1393
1293 737
965 1437
74 428
1320 1535
1015 1800
1860 706
1722 325
336 241
149 1115
629 1637
439 790
378 28
285 1940
1232 1406
