1772 1922
705 174
691 1129
1534 1998
527 308
300 1411
597 1509
1964 775
918 386
956 1558
1630 494
1568 1197
1292 1315
1825 517
1003 111
40 1822
819 1497
1708 642
1205 904
1056 27
18 1459
1439 1523
1554 1153
1026 779
1553 1368
769 1585
1589 1604
1297 827
690 936
468 1174
366 230
975 1679
934 1307
1600 398
1876 623
971 1956
1050 1806
501 719
573 13
509 152
1824 607
433 1609
942 536
1292 1259
225 320
1788 1829
622 122
384 477
1892 1762
1500 144
586 1816
30 1683
346 1560
686 793
861 260
1127 121
1838 1190
1528 361
13 729
1943 924
1285 1000
1814 834
155 1615
1429 341
50 324
1983 781
1498 1897
325 1041
1487 1227
85 1562
1224 1832
1722 421
1152 1977
1083 1812
956 1906
1838 622
1651 1735
1581 1357
97 1865
1357 102
1482 20
1339 659
981 337
1226 1263
1567 1942
1855 156
1947 1990
817 1025
246 1550
366 1874
939 1918
141 629
1235 271
538 277
629 807
1957 535
165 392
619 636
1193 658
710 740
1782 1877
984 225
1233 1612
383 215
699 978
1880 548
1557 67
1727 60
1379 1914
650 1594
1099 1282
1599 357
421 1163
828 368
1573 1749
497 1418
1758 1373
545 1939
433 1108
1783 275
523 236
991 342
503 582
1233 930
1649 1800
1604 1165
840 1125
1227 1032
664 1805
468 1565
206 1162
667 1821
58 408
1696 1918
54 885
264 1487
1667 1426
1782 923
1003 1160
906 1480
1666 1972
965 498
509 1012
1486 428
1168 482
695 54
1530 1269
788 404
1637 359
1252 320
713 225
100 278
1863 1552
1044 499
340 1416
92 626
1920 898
155 1466
1449 1411
10 511
1582 1167
768 766
1254 988
1905 1222
860 836
493 10
1974 1388
783 1845
1436 501
643 1554
389 1266
534 1295
1562 1251
1489 944
1812 1836
712 845
1130 1816
1810 459
1567 1774
250 1638
739 140
1216 1854
1767 1929
1149 315
1353 1670
1722 1566
590 680
1462 1502
1705 1255
956 613
1170 392
101 537
1750 1072
1247 1493
589 1756
792 65
232 561
1955 1766
1151 1615
1237 1015
133 167
1357 640
41 503
1395 1665
1472 553
1388 1808
1489 1243
1613 1758
1790 1171
1671 1555
1391 566
26 1494
1967 1023
1420 1956
1379 1908
1317 1520
1579 1425
241 1348
1364 1659
1742 1508
10 848
1176 344
1265 397
936 855
1192 1317
1148 1075
745 1792
498 569
1604 1845
470 92
396 1222
114 902
268 248
1624 1679
1433 1854
839 1231
1185 1485
1346 1155
178 1090
411 573
312 232
120 1579
1332 178
919 344
444 511
1674 1392
1468 124
1242 39
229 1042
1871 1516
1867 1404
1993 1436
786 1225
1504 1760
650 696
1949 429
1153 1576
1525 0
366 479
139 1195
1401 108
793 659
119 1457
1291 1974
850 1967
1075 326
1931 1495
1599 1206
1490 1297
1041 242
938 309
1944 1938
1425 118
161 1804
175 474
1408 1456
1357 435
1543 1613
539 1976
1792 1050
1962 146
1387 626
1546 1794
1237 409
1782 1334
635 1718
782 521
1091 298
993 1621
1541 1724
846 1182
1161 66
1179 1255
1578 1383
567 1328
468 1606
843 430
1915 1681
823 294
1258 1444
1624 1047
419 732
645 1931
74 1032
608 117
1315 355
183 427
877 961
519 752
1033 833
1847 1952
1228 1291
993 1653
1101 1630
1914 1596
616 1699
646 1555
1520 1680
240 794
490 1354
369 96
362 1361
538 504
1091 1313
1405 1906
1963 63
48 962
1380 441
238 1874
1681 853
1515 1663
1622 855
1272 579
780 1463
187 1821
1340 1184
956 1016
1491 304
265 1829
726 1245
1827 1144
1000 1674
1889 1251
741 782
936 833
1988 97
139 1068
371 956
1632 1096
488 557
1430 649
702 1561
740 62
591 1593
569 1713
1407 1966
1784 1981
301 1131
1965 777
386 1851
1299 1264
1696 984
706 373
1512 1033
855 1446
1385 1325
1237 246
1002 801
162 891
1549 303
1899 1273
1948 1782
1599 1730
1138 1986
1343 1862
1801 710
1471 490
834 1817
499 1230
670 1935
1626 657
1512 1521
136 142
642 1489
912 1880
1594 858
1090 447
632 297
498 1522
1890 1512
369 1993
84 1053
1795 605
420 645
969 540
788 461
985 1699
852 1700
1787 819
441 1698
