124 599
143 352
712 829
4 898
209 615
26 537
308 346
886 257
181 791
678 461
546 496
403 494
271 953
682 804
295 379
581 792
221 817
75 440
683 157
701 513
317 504
694 349
666 843
304 647
933 214
86 850
758 269
275 915
681 202
789 502
131 145
610 220
118 152
501 731
669 794
507 514
549 515
483 870
20 606
494 980
1 859
666 144
611 444
758 24
13 819
178 280
445 29
759 541
934 384
968 953
317 859
984 585
143 618
504 138
951 509
328 881
67 172
580 978
184 785
925 362
941 159
733 679
263 667
772 345
638 375
113 706
716 147
704 222
34 883
646 932
936 72
611 644
775 507
513 203
300 168
547 202
684 233
515 507
554 638
449 428
654 71
640 39
338 110
324 932
770 411
608 235
334 798
710 613
980 802
816 292
587 198
981 226
910 251
22 682
654 760
434 684
331 812
406 912
284 375
407 996
941 437
203 764
736 493
389 853
852 384
282 420
560 197
994 709
672 691
627 894
363 139
73 570
632 439
304 401
676 379
794 459
39 412
324 501
917 185
197 542
978 351
945 616
527 856
714 246
350 298
41 689
418 622
406 200
952 945
707 524
564 464
440 215
81 715
634 43
170 334
350 130
300 759
521 48
340 258
681 153
884 978
441 405
744 495
432 965
13 336
666 605
971 166
463 151
890 298
966 920
814 519
289 525
337 830
185 664
864 995
786 387
206 861
68 602
429 590
931 831
512 15
673 501
59 150
158 920
463 816
184 850
484 613
263 638
589 527
532 673
970 142
542 932
657 683
335 521
202 112
220 887
394 588
426 745
626 677
310 57
576 677
425 4
777 527
415 744
186 555
498 87
382 235
90 900
843 810
454 995
411 321
329 877
577 584
910 54
593 657
631 458
726 865
866 261
140 998
504 913
964 832
220 929
382 916
196 590
326 336
549 932
910 459
169 321
431 230
138 137
84 626
331 676
458 748
372 376
736 2
197 844
395 20
284 113
177 598
653 455
85 546
836 656
199 443
811 940
412 714
706 894
637 587
383 815
209 987
813 481
433 693
11 731
58 832
587 406
174 977
127 983
275 477
264 552
810 740
637 553
118 814
611 682
900 176
232 509
183 902
875 842
997 145
262 279
207 491
960 724
807 188
830 982
677 5
257 870
2 539
157 242
965 196
392 852
834 773
645 333
97 281
423 278
402 86
65 563
91 511
919 238
563 995
749 84
91 590
660 996
161 715
859 937
201 283
57 316
982 771
648 628
83 419
443 645
915 667
175 391
46 615
589 109
953 641
155 137
324 307
541 775
357 709
996 275
255 244
864 132
498 646
665 696
418 259
695 916
869 203
395 294
109 507
297 959
753 341
736 408
337 80
90 365
648 200
266 87
734 672
239 473
286 117
552 975
549 937
519 725
185 242
128 798
362 34
965 681
142 915
448 345
753 252
682 663
740 330
572 850
201 616
654 317
147 862
101 870
124 94
109 604
94 693
274 728
108 477
408 908
604 62
201 161
71 629
354 890
527 932
70 775
152 281
792 476
102 156
778 334
381 999
510 450
769 436
909 26
849 917
608 851
923 172
233 639
505 687
998 753
818 446
747 554
620 156
684 733
626 331
534 703
349 308
631 577
401 762
770 476
617 947
437 589
751 375
221 290
947 474
454 918
344 236
406 391
649 982
984 603
314 456
83 885
509 572
954 776
173 49
598 394
277 460
202 444
168 304
878 606
936 806
810 154
612 180
764 913
363 453
519 27
686 727
494 481
328 593
835 598
576 517
307 747
100 47
250 807
772 688
717 412
532 39
481 848
62 338
219 493
