355 1103
344 1963
1723 626
939 1519
1283 1585
844 890
496 537
1156 230
193 1865
1301 289
1632 1985
311 845
932 1290
679 1629
1236 143
1705 1423
284 1778
45 1957
462 175
1050 1605
234 200
1463 1573
741 1140
1269 882
1683 207
834 502
962 1501
1176 1753
1653 1515
241 1056
1642 766
781 1672
43 1583
1062 243
773 495
1180 138
676 1378
1701 216
1894 902
23 1054
942 119
1922 227
2 1524
1053 561
1042 132
1875 1843
1633 1143
373 1361
577 1435
666 54
1128 1496
97 20
1293 1161
1946 1972
1529 759
492 150
19 777
223 468
1594 654
273 1535
1230 1294
820 828
1541 1130
227 1591
904 1121
1879 177
21 821
1068 1224
326 1523
1439 123
1521 1044
577 1132
1787 590
1853 1008
805 1811
934 321
1859 1799
74 1761
1595 366
160 470
433 820
447 387
1268 1989
549 643
1087 496
669 725
363 1825
41 1518
590 672
1793 697
1060 23
1238 1898
719 1714
1529 233
180 1492
909 1793
1538 268
1130 688
711 293
1018 1724
1837 1184
1636 409
860 64
1392 1606
300 1729
991 918
1446 1285
624 345
1459 1302
1829 1967
1617 934
1194 1129
1229 1724
656 1059
1982 936
272 1795
267 343
1033 333
632 443
1259 1235
48 1379
400 1590
954 1382
1480 863
1071 1754
67 196
1984 168
1516 1095
207 1293
364 947
672 1466
858 1641
584 1206
1171 1242
128 435
1006 1561
1266 583
458 1693
1756 361
332 665
27 679
826 143
1275 1506
1138 1967
1530 1913
74 1777
194 159
1663 503
152 203
1510 164
1892 1603
1344 586
763 262
503 857
579 1132
1809 417
1258 1546
529 409
442 21
408 73
1566 1548
703 1915
642 1497
588 518
655 1776
333 610
1068 613
808 298
894 181
940 649
1892 762
1089 1415
1593 1811
1061 434
1148 1025
69 1192
530 683
355 1320
1927 481
1715 1337
166 1559
1983 1546
478 1109
1068 989
475 1327
398 1154
1921 542
19 1469
1931 1204
636 285
743 1335
1903 562
1516 1666
722 885
61 1515
1597 1037
1425 117
453 1488
1970 1945
589 675
1779 464
639 225
37 563
1922 1509
1495 322
1002 1687
1097 1124
237 1483
65 1831
392 582
1100 1769
1745 746
184 1549
813 1330
1212 620
419 1230
1181 1414
1060 1308
1774 1820
902 162
1351 1174
1359 1769
1341 104
725 1075
1460 1492
121 1305
995 1018
1881 668
106 1
1478 1734
224 554
1507 669
130 1946
1190 539
777 41
708 1356
444 208
627 1664
1159 196
400 84
239 380
1325 898
608 29
1290 1663
1982 923
190 1992
1981 1725
1339 621
1842 1504
1920 373
1457 1141
1242 1372
1518 1527
1215 450
1817 1169
1536 823
1260 1071
1967 254
1688 1
1499 1658
1958 926
1333 1863
145 1218
1525 1182
1237 1211
855 130
1882 1482
119 1192
534 241
197 1480
910 474
550 1905
867 238
1551 1449
1700 1500
248 1963
709 928
24 1819
1117 296
1199 884
446 1022
1001 144
30 38
881 865
1501 1614
1153 670
1611 447
1616 1863
559 1018
972 199
1672 1107
1175 867
1785 1009
1696 1148
232 385
1563 23
876 1324
275 816
242 479
1191 1267
351 1148
919 1504
737 167
1553 416
1939 1898
1752 1795
518 1740
1971 1101
697 73
1915 762
1936 1489
1111 102
639 658
1917 1473
1037 880
683 342
802 1568
1088 1738
991 1938
22 14
1059 718
287 301
1331 497
1897 1017
1546 1395
23 1367
1038 1369
1028 1160
1706 1072
1029 485
1608 984
487 370
1435 1881
38 1064
1894 742
708 379
1913 1552
962 1150
133 1580
1510 1278
1151 1967
693 239
129 1748
994 114
942 1377
1505 773
54 91
371 1960
1335 1222
881 136
1919 1273
740 968
1094 1994
453 1744
856 1615
227 1662
1687 112
887 1940
882 1052
1822 217
279 368
460 443
1735 489
1809 812
213 1926
330 402
1568 188
326 1177
1397 707
1486 636
766 1661
1102 146
726 1740
985 469
1731 1845
130 1873
469 1597
1387 1781
274 1598
323 1470
1118 1859
819 1146
1405 538
1958 462
911 743
166 1399
1301 680
285 519
489 1926
762 668
1702 1529
126 612
392 1941
1516 179
1189 1046
1049 610
170 1526
666 797
740 1005
1224 1297
