7127 146
5402 8978
3992 6930
9647 3238
9647 1546
3821 7456
5929 6826
6696 1662
3943 1280
2323 8799
6233 9204
4231 1686
5602 5244
9382 9606
5270 6694
8154 3954
6522 7387
3903 7884
8487 9034
9540 8820
2869 2101
3861 9396
7314 6417
4283 5055
6531 4750
6303 1324
6270 7809
3035 5363
4485 3415
8086 6135
5544 7941
675 7043
2559 3173
3597 8348
6754 2957
2686 228
583 650
3992 5968
4513 467
5557 5607
6143 2379
5933 5109
3797 5404
8744 3170
7269 7706
119 6251
7837 2789
2953 2714
1168 2437
7533 7842
3492 6728
7400 6843
7361 1946
2653 1327
4230 1588
504 7019
9956 3931
2111 4571
5370 9388
8446 1136
6081 1726
7436 7082
2803 9995
1520 98
5866 5106
768 5492
9233 6505
8277 8838
3902 2233
9097 3959
377 3032
3451 8047
410 5850
3557 8225
4209 1083
7254 4802
8047 3552
7583 6461
764 7817
2935 3674
2511 4940
633 8710
6980 2646
4716 2326
9561 5890
1278 8007
1249 1275
1988 4701
3744 727
3431 1175
7511 7237
5621 809
3323 8439
2257 9460
4922 7125
2593 9181
7337 3279
2205 3411
4336 7605
2424 8667
7123 6730
9745 9076
819 6544
8657 726
3837 2588
4772 1422
1449 5853
6692 7275
6510 3853
7562 3524
7123 3968
4030 7852
63 1915
209 7364
2083 7318
140 6857
7449 2408
7719 7035
4448 7852
529 959
9299 1023
2708 3555
1031 1670
8598 8117
5378 7581
4018 1029
6087 1003
2371 9167
7352 182
4719 6876
4781 7994
6190 8227
8341 509
9334 5542
66 2007
522 4728
6618 8834
9998 2283
6106 5924
9024 7282
9454 9887
5483 4766
8841 8732
7870 2400
4325 6621
9316 2250
3783 3496
4072 9360
6221 2856
4923 4045
1739 6001
5666 3510
4868 9990
3133 9275
5507 4949
3284 9739
2267 6516
2597 5540
9289 6456
1737 8315
2362 3558
92 7894
7981 1867
5291 3010
9509 2207
8982 854
8958 9229
2664 8946
3029 5057
3238 6834
8932 7328
7576 373
492 4298
9080 5640
7449 603
746 4873
6773 9730
1036 288
9766 2203
8987 7825
404 1387
2210 9886
8699 2700
3406 4813
4882 2784
5832 3108
4550 7512
6204 8419
5878 1842
8847 5161
6484 5563
8323 6485
6134 6831
4314 3448
8979 3155
901 4137
1429 4834
4817 2296
9160 5114
6144 5452
79 9796
4946 9165
334 9968
3822 3810
4279 258
4606 5331
2302 6286
6176 6041
2609 2145
7851 2265
3101 6355
351 3799
2753 5232
2181 3203
9527 1317
2793 2927
6973 8791
1493 9181
7388 4195
2039 8030
830 975
9786 9175
1234 6040
1057 473
4317 9553
9536 5485
2506 2587
6844 2025
2924 9989
8183 400
5876 2252
2247 8970
8468 8540
3323 1833
6142 7434
612 1055
3663 8302
5766 6384
1833 5211
6908 3943
2435 8997
515 5221
1249 6081
7814 4321
7524 2412
8645 8161
1628 9444
693 9097
6105 4167
9349 8832
2997 1684
5353 9039
15 3805
8429 5378
7339 8775
1059 1819
5163 4808
7119 542
9593 3300
1498 3913
6694 7166
880 3974
7868 6640
7704 9595
786 1617
5190 4228
9516 4465
4200 6185
3938 8279
9003 8476
7139 8912
5118 6818
5846 3701
7627 1269
7742 2744
1117 5015
6612 7128
467 63
5786 4984
2887 303
133 2187
1525 3851
3570 149
587 1891
3390 8766
9605 2733
6640 6033
5679 8262
7524 5101
624 5694
4516 4135
5170 1710
4303 328
8123 9424
1882 1956
508 3518
605 5397
4418 121
2072 9662
7929 6571
2966 7661
7582 4904
6926 2741
8963 4162
4204 523
1597 3868
9109 6949
5418 8169
8840 6762
8157 3039
3181 5035
50 1619
7249 509
4487 4631
601 2350
3511 5147
8647 1489
2762 9680
8018 1989
187 7210
2317 9775
6497 3971
3723 1119
416 7532
2069 5221
9996 6714
842 9989
8027 3130
9730 5742
2573 5659
3299 1867
2016 8747
4652 2284
5876 7935
2076 1224
4012 4731
3269 4076
6199 2668
718 1044
123 6816
1828 1535
9219 3322
9300 3882
1316 6849
5055 961
3921 657
4009 7455
6911 7811
8563 4274
1325 8887
1527 6646
2827 292
7378 3614
2112 7530
263 812
7237 326
2556 8389
9006 6902
5408 7460
2622 326
242 9347
5197 3533
3404 7179
6595 5304
4410 1541
8206 2014
4541 1005
675 16
4923 4785
4454 5579
6945 6175
2642 5637
1097 5773
8395 8212
2319 1603
8785 553
2810 8416
1989 4700
6600 6377
2730 2787
1758 9655
4358 7100
78 8066
9052 831
3227 9069
4119 2344
1408 579
3498 4762
9286 2368
7273 5330
9293 6710
2843 8186
1856 3463
2838 7813
9316 2708
2280 8741
2895 4221
6761 8057
2814 6781
9244 6064
