428 3997
1379 3705
1014 1170
3776 1415
4532 2697
1797 1868
926 1256
3837 4768
4679 574
4186 3794
2379 1738
4568 972
4725 3268
168 3334
2627 1280
4562 627
517 87
2158 4462
1955 4433
3903 2686
4751 4721
4011 4757
1910 2034
2809 633
673 3386
4687 2645
2873 2861
2725 880
1512 1801
3886 2544
342 3634
2417 2911
313 4155
2634 1666
2006 4840
4173 3646
4784 3786
4455 3255
3341 3628
860 2743
3173 3563
1872 1429
2088 1199
4193 2266
978 614
422 3625
3745 1624
1152 3573
2722 583
4659 1770
1763 1881
2479 3029
3659 4958
2393 1231
1830 904
125 4384
3702 823
439 1983
1084 791
4628 1478
658 907
2517 4736
4989 2314
1655 3476
988 3066
3871 502
4352 642
1606 3761
2448 4656
3263 1149
2554 665
1613 4407
3165 4111
4032 1427
2056 312
4366 2943
2255 2093
238 2097
1789 3566
4082 3737
4838 259
1981 4605
4908 3906
3677 4863
1299 3127
2858 3415
25 3234
2489 3049
2311 3747
1430 1828
811 2390
2275 4927
1189 2091
1507 833
3155 3917
4985 3130
2690 4513
4644 3413
1579 2642
4181 3721
