1489 2645
1594 298
3949 4108
1779 978
2989 3694
139 4306
45 537
4443 1746
4978 2761
583 3187
2541 261
3853 4256
810 3896
1217 3529
4915 1276
2780 2361
2089 2902
671 976
411 4213
2127 95
2649 1316
2540 752
1944 3201
2003 4701
1511 1179
1692 2276
4276 4045
3143 4722
3914 551
1886 1809
640 1112
233 198
4122 3185
4519 3315
2753 4253
2435 538
1355 4262
2726 4916
681 4680
3098 3320
3074 720
2420 1005
3521 2702
605 4989
3667 1906
3903 3699
4807 2865
4963 2035
4832 4238
3929 1929
4249 1870
773 4807
3073 4617
3056 2938
4638 4945
1251 685
66 1803
963 420
598 4934
2967 1628
4697 4148
2303 531
3509 1696
648 1644
2707 3669
336 890
3077 1713
3542 3400
2811 969
985 3193
3587 4630
1526 205
431 4422
3373 2608
2402 1827
4896 4410
239 2282
475 2727
3643 85
3886 2923
1559 1438
78 4328
926 2588
3526 3825
4024 1998
615 4279
1413 4868
1440 447
3565 2806
3279 4995
2459 57
2843 1227
3298 3578
3617 748
3466 4852
873 3662
1899 2620
4303 1050
1472 2231
2059 1514
3098 3384
3330 842
3809 3843
4620 289
2189 2096
1230 4414
4308 2901
4609 4501
3123 310
2955 2651
618 1524
2254 4066
3857 855
352 414
1222 3221
3708 2997
3622 3564
1725 2661
4524 2136
500 961
699 445
1273 1381
3543 504
3195 2565
4054 3257
2493 2563
545 2013
712 4846
4823 3759
557 2945
1069 1705
1532 621
1451 170
1201 4009
2557 3991
3131 3816
4457 1004
2421 2728
207 3156
3901 979
4951 1845
4364 3069
2761 2471
4069 4455
1063 4377
4239 4584
4698 1296
1557 4573
4095 3302
1375 3446
4790 447
2466 43
3512 4135
705 4068
3917 4375
4184 1130
1155 1874
3153 2574
4520 3263
2563 2954
4369 4626
2257 990
212 4114
1651 1285
1921 3210
3065 2133
3967 4245
918 2532
1556 1923
3798 2053
240 4281
4906 3122
2292 3500
1404 2673
3916 1390
3495 3433
2402 2064
835 4146
4161 4627
4120 6
290 4282
700 3525
140 1474
1175 262
3758 4826
2054 1137
970 4234
2683 2188
825 3652
202 217
3903 153
4917 65
3159 2656
2973 3751
198 613
3898 350
2243 3913
4424 404
2154 3576
2798 2584
487 2310
874 2402
524 828
1344 260
2102 3927
3794 1430
4914 919
3738 505
825 4671
1391 4794
1397 3928
1109 1581
1594 4809
3619 4665
4483 2479
2624 4322
435 4097
4304 1043
540 2864
1453 3556
558 4756
2097 887
160 4298
3760 2709
2334 2955
2254 1968
167 2350
1350 2443
1666 2987
3439 913
3673 2239
396 1389
2300 2676
4048 4005
4099 3146
1896 3042
2191 1336
3075 845
4643 1553
2661 3059
2108 1269
1845 923
1711 1447
1281 2112
1297 525
4654 3593
807 3970
1128 1954
1450 1395
2307 1208
3066 2854
4579 3212
3372 4826
2316 1493
4268 1751
3901 236
1252 3005
613 1308
3311 2433
484 1807
2180 1593
4207 1027
732 2677
4635 3319
2963 4211
640 871
776 4764
3769 4626
1269 4417
1371 4171
1489 3619
3253 1504
4645 935
1707 425
3345 4908
897 1182
2701 4506
1132 4829
4607 3152
2204 866
3275 4306
77 4967
3223 1321
4563 3615
3884 269
2736 890
628 4883
3427 3951
3965 70
3486 3951
4058 2043
4892 3484
1172 1218
3833 4158
545 2574
2444 433
1863 949
2879 2281
4200 1147
4330 471
