518 50
472 891
981 406
439 765
319 764
904 297
577 494
319 447
352 544
249 931
349 938
933 759
645 782
292 849
484 136
180 737
605 874
39 817
147 88
693 475
37 54
889 130
873 622
413 644
191 593
211 375
60 897
397 281
764 273
149 497
811 808
38 298
930 167
275 63
531 848
597 232
545 819
873 68
955 964
147 170
675 341
41 980
584 234
277 176
18 776
644 203
271 152
662 893
54 171
730 707
949 583
949 436
500 729
880 643
685 588
540 541
514 472
730 449
923 105
189 864
727 60
668 182
881 713
10 813
436 145
405 434
542 647
406 864
149 279
317 499
789 977
9 270
237 602
445 974
993 330
262 491
931 596
157 784
393 952
585 932
311 850
31 956
287 339
636 816
890 519
178 923
269 562
834 920
324 223
868 798
807 531
483 808
729 221
98 182
944 129
943 333
430 122
263 339
442 790
442 386
463 635
145 119
700 143
280 855
416 217
954 802
845 121
666 995
411 191
999 419
465 914
768 381
936 786
347 418
53 160
154 126
616 303
542 848
796 936
517 888
143 502
329 245
598 25
349 107
672 936
300 163
422 711
71 240
364 811
43 805
306 27
198 780
328 83
898 66
697 414
212 983
6 352
792 330
886 301
545 877
416 20
105 378
864 162
824 494
620 596
594 431
30 58
271 52
741 354
329 70
704 30
590 307
88 881
906 884
501 701
443 165
422 233
46 118
976 596
449 476
640 428
787 479
365 426
201 34
555 14
932 600
675 869
940 77
527 815
239 331
865 359
201 445
143 89
205 819
37 43
583 384
832 757
83 764
353 290
828 129
650 342
945 274
485 457
148 862
656 765
909 728
373 296
205 928
397 926
999 480
421 58
872 797
876 921
242 531
644 819
363 994
510 342
229 819
882 687
377 569
819 341
991 986
413 736
264 478
333 158
26 266
304 308
264 162
558 106
718 727
496 752
351 842
448 43
721 229
239 67
387 29
839 271
71 603
153 92
455 993
438 843
140 749
798 300
475 65
122 900
770 571
812 595
361 897
982 179
15 647
976 489
650 82
925 132
744 243
93 492
209 739
172 519
899 488
51 831
733 350
622 240
562 580
484 198
760 4
373 430
923 987
146 109
778 299
328 759
312 734
536 597
454 997
483 168
280 14
679 40
94 155
745 602
141 746
125 909
628 884
837 494
906 430
360 639
879 266
744 35
89 630
339 622
402 292
967 569
776 864
590 725
373 526
377 443
231 90
450 436
480 989
925 901
203 375
233 455
548 885
971 607
23 521
886 704
720 813
107 523
951 240
89 623
526 454
325 275
774 220
680 777
374 5
395 88
345 56
348 379
81 874
339 24
562 303
890 806
744 38
