41 2645
1549 216
2384 2972
4955 2478
574 4680
2834 4295
2457 25
3938 458
3172 71
416 543
1710 680
1596 48
990 2468
566 4622
76 1998
2362 199
2105 1009
4008 1008
3831 646
4399 2529
209 4414
3089 1657
4637 1787
4107 2759
3852 3431
342 677
383 4243
3536 4979
3233 2186
1025 2726
2696 4810
305 800
4880 3938
463 107
2643 1480
1185 2678
3806 3483
4381 2219
621 3884
4913 2731
3126 954
1346 2025
1402 4881
2468 2535
2947 1867
1820 1276
2767 2253
3542 4003
1325 604
1025 968
4856 4172
3260 3240
4243 4710
3377 3045
1887 628
778 599
1912 137
226 388
1106 989
2636 3121
3354 360
4469 4910
1416 4178
2512 332
1738 215
115 3615
2259 4042
581 2807
2328 4032
2002 465
2993 313
2830 3397
1371 4134
350 2621
380 57
909 1765
2463 318
219 4452
4133 1899
62 745
4085 1027
2200 216
1690 638
165 1299
1568 2485
4881 1966
952 1419
1273 3332
3647 2292
4722 1322
122 97
3751 4593
3822 4615
520 3809
2760 485
4121 4186
1422 1676
2934 3125
1920 3010
392 4704
2658 3482
4050 3161
513 3978
3003 886
2762 2319
1436 1904
1626 4675
2455 2044
3549 1424
1112 723
4178 310
1720 4399
901 214
4643 82
34 1363
3715 4520
1282 4907
1241 2539
287 3469
4282 3779
2779 2638
2054 4209
1181 4890
4550 1419
3965 4775
2675 2945
3181 286
1311 2125
3231 2144
3947 4204
636 2156
3473 2480
1826 2956
1619 3781
3789 2004
1779 1017
1780 1007
1014 1575
3551 3616
4592 2672
614 1295
4416 320
1485 885
757 1537
3161 1174
4384 4448
1377 4056
2520 2772
1075 4672
1099 3499
1622 4526
1000 3671
4085 3624
4543 849
369 3948
1181 1037
4718 1302
512 2367
545 268
3989 4228
2317 4272
781 3144
1848 4724
4223 3305
2504 2724
4347 4431
3965 4328
815 1857
2969 4155
2057 4196
3507 3025
2934 2001
3865 572
1264 4125
4619 1692
2749 2488
908 2774
2128 1197
799 1010
3563 3307
417 666
2959 2114
639 3959
2145 3073
2 4700
1346 1259
4332 3851
1176 862
1457 4155
4611 2865
776 3088
4747 4116
4219 2209
290 1116
3900 448
377 2666
1854 3086
3829 4868
4034 1882
1878 3120
