2191 525
2349 4121
1042 2583
3034 2399
3764 4998
1148 599
2839 4245
914 4314
3406 1030
2774 4840
1216 2757
4841 1573
369 3879
1156 4644
516 4125
3729 3581
2360 3640
3178 3870
2148 960
2853 3916
2779 4485
4623 3818
2076 1696
3510 3705
1658 2451
948 2156
996 3200
2294 2684
4367 2505
315 2870
3465 2319
3612 2969
4392 2222
4117 4822
4305 3334
4116 183
997 4219
3038 3524
1151 4953
1006 3739
2774 4419
3630 3592
2578 1715
1988 1316
325 4128
4489 1062
2860 444
4517 3339
2671 733
1667 490
1785 3965
547 2927
4319 1588
4273 1530
4113 877
3770 3289
1839 4607
2763 4511
325 336
3490 3137
2934 3613
4460 3655
4851 1149
4819 2771
3380 1886
3222 1499
1489 229
3296 162
1074 3479
403 1445
3920 1241
3851 2614
3047 4646
4128 1447
652 960
2210 2292
226 2661
3776 2577
2479 3090
3443 4143
2211 3600
1813 1680
116 1745
3372 1368
2560 555
1855 2248
391 4623
2706 3613
1024 3109
185 1204
1194 3143
4612 1620
2650 4884
2662 603
2119 4787
4603 1694
904 4590
4705 4847
1457 2131
3465 953
1897 3290
2254 4753
1306 509
1032 3093
2268 2220
675 4811
3732 4346
409 3136
2103 1700
97 540
39 4284
4287 1223
1865 2794
335 3198
337 10
4081 2580
2264 2435
356 2099
660 804
403 2037
1931 2032
521 2320
3759 593
1237 2856
1784 3434
3445 2597
427 2113
1312 3488
4549 769
1039 2369
4970 4416
303 2637
1242 1236
1793 3303
668 1033
2632 3935
1060 1654
1280 4686
2317 412
419 3503
3157 1622
4582 86
1720 4952
440 1214
2074 2860
4944 3270
2443 1585
637 424
1410 958
1238 4936
3778 2171
1977 4908
1374 1722
3034 2961
1778 1723
2020 4708
376 81
4412 4804
4984 1218
245 750
405 2573
4718 4836
3558 4934
4118 3215
3540 3429
3859 4550
1885 3989
3408 3744
3678 3906
2879 875
1681 1146
804 1137
2969 1148
1032 1050
2487 4434
435 4429
2781 3038
124 2017
2190 4177
4670 3260
4214 1075
650 387
3609 996
3648 1177
4915 129
4280 4837
2485 926
2522 836
3342 2010
1141 2449
4435 2495
2234 4726
4378 230
4490 1033
2366 1007
777 122
2770 2113
801 2705
933 4835
3368 2993
338 4604
4349 2235
3860 886
4921 2115
4181 3173
3657 3080
2841 4406
1384 3814
1791 1840
2401 757
1461 1295
4767 626
2503 4880
4405 136
3429 2575
380 4857
2897 1035
4198 437
3655 214
1630 2015
4257 3946
1852 3808
1336 2173
4921 4012
1200 67
4774 4600
1390 377
4648 628
3637 3862
2581 1721
4398 1811
498 219
723 3111
4126 1129
3654 2333
2173 3716
60 199
4744 1730
1566 531
2182 1075
136 2762
4536 45
2004 4295
4005 586
4884 3182
157 1660
2990 4389
2943 118
3813 600
988 4496
4755 3014
4938 612
3776 2800
4329 1878
3880 747
2965 2828
3615 2723
3668 290
3267 4747
4474 2898
97 1386
3518 3753
2015 747
370 401
1730 2910
1272 3580
2690 1219
235 1172
1846 4141
4216 1237
4144 3413
2311 719
3927 1194
3431 1705
913 77
3624 644
214 2186
938 3087
121 4561
3710 143
2008 756
3323 2978
4668 1614
1538 168
4735 4497
2120 3172
3405 1148
1202 63
1363 3917
1987 1201
4424 3345
4557 1911
1404 2546
2462 1413
4566 4646
2948 653
3059 4477
1179 2375
1363 4015
1208 842
3519 3702
4369 2118
3400 3650
3766 3087
3970 4845
1749 2449
965 1225
4874 537
4687 93
3546 892
2779 3718
3117 1912
4332 3196
1964 1902
2149 1437
4718 204
1635 4172
4859 4973
1555 3404
1799 2819
3229 2535
1723 3070
3463 2321
2125 1548
2002 602
860 3400
540 2132
4062 1421
393 3015
4956 4473
4232 1019
882 149
665 4123
4383 4392
4295 4155
86 2478
4114 2973
4305 342
2156 2870
3228 1234
3686 2343
4507 4125
4485 2578
2328 3640
2356 304
1457 4670
142 3564
1620 3404
407 2991
2225 3505
4480 2793
4075 3953
2844 3766
3531 3527
1592 2092
4002 3039
1251 1050
4633 1799
3570 3547
149 2700
1311 277
2405 2863
1517 3132
4269 3386
2787 20
4739 2320
1791 1814
939 2044
4746 2589
1238 3116
332 2852
2748 3109
2534 720
640 3289
2386 4876
741 757
2703 3792
4310 4887
575 3458
3152 3146
673 3288
2932 2810
3512 2416
2852 885
3395 4582
1779 3369
3118 2528
2400 595
279 245
253 4399
924 164
168 1020
2090 3913
824 3886
597 1227
4748 2961
1717 1630
4943 2312
1348 4113
952 42
