987 8570
2766 5483
8041 9009
2543 8327
7390 2942
7292 9020
4573 5670
4066 846
1962 2874
9704 5842
5748 5018
9081 7476
4829 8012
3187 9590
6716 3081
2204 7999
7174 712
3630 6837
3484 4276
8909 5902
8065 4410
2114 2270
8718 7440
3731 9482
9349 3322
3053 7279
4297 9679
5027 367
6068 7348
3738 6120
5127 4238
3254 632
4611 7916
8906 9243
4925 5401
2094 325
1275 2403
6427 5582
5580 7344
7263 9469
2388 429
296 66
8926 597
1279 1358
5325 2922
4395 944
9765 8797
6961 626
4069 5685
2210 2678
1382 404
5001 4457
6961 3247
4426 8411
4048 6788
9515 6650
1133 6390
7451 4208
8117 3223
438 6497
1435 2509
7621 5119
6160 9479
716 8222
5962 1628
2085 5551
6300 9190
2185 9438
9141 8455
4981 87
494 2047
678 6436
3917 9066
3589 3128
543 9288
4621 3680
1918 6681
5799 3206
9433 1753
8968 2887
9734 7824
2262 5074
4918 5520
4438 422
8177 5391
818 2203
9827 505
444 2451
5934 8930
3584 3812
4809 3785
2056 2576
3024 5160
8310 6509
3628 1755
5331 4753
1451 4653
1545 6037
2692 4425
6165 6081
6511 2765
9127 4168
6691 2452
2201 2206
884 3051
3012 9735
6032 4644
5505 1096
5370 8070
9172 9823
3428 3638
886 5106
8348 2902
9299 4073
9959 155
5417 2945
7695 6137
7207 7677
3326 5567
2457 7878
983 5804
7747 7176
1799 9516
6274 1692
4889 8390
5652 1923
4633 6295
1206 777
1629 9666
4300 439
1373 5812
7703 6961
1394 9630
7830 6714
2163 6342
5277 4252
4331 8639
1777 2664
8358 9320
2554 9777
7438 6097
2452 949
9066 3276
7262 8052
6359 2929
1335 7565
9726 1272
6548 8110
7966 331
722 12
2292 8474
4415 324
7516 1730
2811 1999
8037 8653
1555 4913
1476 3297
710 1733
215 6902
7945 8550
7875 8674
1307 912
5238 5877
6383 3708
95 9298
3700 77
8125 7293
6314 1508
8678 884
4950 4116
9537 6798
7488 1217
8066 2206
5366 2449
1744 9717
8446 1282
2403 6951
8970 1830
3658 9661
4440 247
5592 4956
2623 5065
5758 1455
4515 1695
5290 2553
64 2000
340 3474
9861 3351
6756 5156
915 5194
617 1657
8459 1434
164 1785
7843 5051
3933 916
8657 1881
2909 4366
1947 6544
6957 4815
4379 5060
4928 1086
1548 1897
8532 5469
7610 4220
2357 3634
5737 7728
7246 8527
1973 7233
5220 3828
2112 156
4780 1630
4360 6349
9042 6941
2393 4051
996 484
9034 5084
3927 4519
3201 9080
3042 2809
7930 5516
3422 1845
302 2912
1638 236
6317 238
8332 6293
3542 3199
3076 7474
9868 9454
9193 4427
9908 4396
2599 5261
1591 6566
6465 447
8941 4130
8111 7041
8347 385
1756 1891
6287 6173
3467 2275
9067 8525
5340 335
2233 7823
749 7945
9060 8742
7951 1748
7180 7599
5586 6122
4657 4960
8133 7866
1725 2481
4608 1478
201 2163
1958 1821
2952 3458
3842 1590
3106 9662
1500 8300
990 2509
3372 4078
2071 3238
2599 4705
4458 2971
4335 4670
7657 3904
5992 376
8771 6650
5269 712
4050 8104
9413 6329
3877 9353
8874 2192
1595 9727
8204 9356
985 5575
962 3331
2045 2942
6895 6920
7265 9253
6151 2299
4293 9074
4637 1763
5626 4030
1890 3620
4797 3194
1688 6244
9125 4815
5513 2173
7211 9662
2534 3358
4815 7659
361 1562
9180 2008
5777 8527
6219 7679
3720 3657
8228 7762
6175 8489
9643 3340
1510 4751
4608 6102
5227 1738
3339 8608
9510 6091
4371 6893
8150 3207
6685 8148
3254 7643
8739 2331
396 5373
1739 5317
7433 3481
2650 7759
3270 3933
8638 6716
5191 1775
5683 5775
3770 4340
6775 4225
2739 134
439 2160
2088 7659
6576 4998
4993 1406
2408 7028
9904 9441
6667 675
5535 305
7037 6772
2077 8946
5985 2546
3286 6033
2210 4931
1974 6629
3925 5199
4712 4714
6854 5620
670 7404
2354 470
4529 2780
634 3244
4641 5098
6591 9759
6326 2188
8368 5092
1542 2660
764 5961
3429 5712
7666 3902
4046 9077
7279 5671
8299 4740
1942 1830
5907 8022
9412 3512
8525 276
2958 9813
4267 3811
1866 3168
498 3419
7299 3256
8935 9864
7518 8271
6359 6469
5831 3003
7849 2391
5721 1296
345 6240
3584 1729
8827 4509
6398 2130
3214 230
4822 7878
1494 966
9404 9363
5454 4230
6390 9029
7390 6903
8809 7138
6860 6163
5963 8845
5614 5148
7694 1951
2548 7154
350 7160
2450 5849
4635 1414
1818 888
390 1195
9364 9383
3659 3266
9815 1550
1482 1648
4084 6520
6784 4489
5624 6106
6659 5194
7612 1820
3377 8886
353 1775
4428 5758
2525 9866
6505 9161
5306 4178
6893 9108
6538 73
4495 9068
702 7642
8690 7321
5683 6931
3165 1546
1945 1165
5380 9394
5735 855
6924 5682
2927 9931
1634 2905
2191 5945
7209 8575
283 6829
9055 7558
8809 8953
9219 447
9634 6508
7551 7411
7267 3651
467 6780
6256 2903
1190 2583
3841 392
5879 1523
1117 4428
6721 2576
3144 6718
6611 633
3301 2015
6048 2545
6722 6843
8358 2237
5865 7700
9275 1372
8308 7510
9304 7513
719 8423
5363 7353
600 8121
4013 5239
4680 5116
717 8127
9387 6236
6832 712
652 6893
3082 5067
8052 9267
9662 2782
4296 3062
4873 8724
5056 8042
8957 1606
1382 5255
3783 6750
6510 7170
837 5998
356 4254
5798 2709
37 9551
9016 4966
8091 9180
7761 3109
9986 91
331 340
4971 1181
4060 8568
3185 4024
3937 3457
5877 4698
5346 639
2843 2842
2427 2852
2755 7195
312 8537
8035 4536
5856 6439
4153 5535
4595 7721
2173 3015
469 3613
6261 3389
2005 7670
9273 8719
8927 3412
6453 3783
9747 2103
1676 9036
4486 7392
2079 1872
1057 8950
8266 3261
5425 1170
1699 9047
2894 781
