1773 1610
828 1530
1473 1521
597 1747
514 764
1600 299
194 1572
1692 757
1352 189
515 37
635 32
1396 260
312 1276
99 1782
898 983
56 1663
413 781
774 1099
1511 547
1234 836
1316 1608
1760 1326
1315 861
1299 318
326 644
294 1876
1806 1822
1457 1539
1527 1616
227 1027
580 1983
1215 1826
1110 1327
386 21
105 1695
1786 1880
812 1716
616 1455
393 787
1494 1451
255 1044
1985 84
1338 349
875 652
278 562
1101 1939
391 1646
71 1690
1116 949
1433 1585
1600 1742
1911 1861
1733 575
1004 495
1219 873
219 1691
401 1742
1128 1856
1295 50
1240 1626
1472 255
464 1869
1899 1682
1531 345
500 589
779 1396
1294 1553
367 623
760 1848
146 1291
812 665
200 899
1137 1250
963 1685
673 587
1333 96
254 526
778 213
79 373
1629 1652
431 933
466 1977
1354 1552
534 1351
218 1514
697 49
224 1028
84 38
1067 845
1941 1461
219 141
419 826
1849 627
1189 826
1969 1232
724 1224
472 952
1072 437
497 334
82 657
1055 1912
91 1786
766 1715
814 390
1530 1300
486 181
92 317
1200 1068
592 1166
743 1341
347 367
381 1119
1041 1551
1270 1572
999 458
1938 197
1644 15
1553 551
338 1831
702 858
1901 514
637 680
1174 1875
647 1714
854 1921
386 1417
446 293
1955 261
1063 21
1108 1101
1558 408
1205 85
976 1228
1865 158
762 1656
806 282
622 1527
1937 1178
1886 848
921 713
1213 1857
1336 90
320 655
194 459
1165 1653
174 69
275 1160
1300 901
1585 560
228 1046
1058 1614
926 305
1763 856
1299 1320
654 1650
1640 1671
1062 1816
1789 1088
1040 1979
1953 606
780 1646
334 1692
1628 581
334 380
1191 1537
1804 16
1468 793
1683 1579
1058 519
39 98
871 1418
621 371
43 1619
1945 649
1331 614
1380 573
1814 1162
1882 1184
1833 1300
435 1130
1543 1912
263 1118
1405 1499
1306 177
1804 1044
421 1886
1494 1945
1376 667
1291 1862
246 1004
1151 28
1877 1708
1125 1770
1426 204
937 591
158 579
831 357
487 1232
233 48
837 1949
