881 2079
3604 1170
575 860
1536 2361
843 1598
1296 3486
4379 1795
2866 1516
1758 4925
3430 4190
3849 2362
3623 3819
598 3498
3833 4505
534 4002
3877 51
2768 2943
519 3691
4826 4691
3780 490
3231 3034
326 4295
1001 3921
166 3430
4539 2957
1191 1808
1745 2433
4409 1410
1653 4934
1712 3030
4856 899
2916 1526
799 4243
3614 1386
4254 1613
2616 3781
831 1473
3043 4350
1846 1408
3351 3493
321 328
2476 2979
2956 4036
2311 3199
4797 4860
173 4062
3924 459
4669 1674
4343 2363
628 131
1880 1075
1113 1588
73 335
2238 70
4436 2081
3464 1930
3227 3049
4169 1915
2963 4852
1361 2941
324 4342
970 3115
2848 3804
2128 550
1941 3038
2039 3915
3492 3651
1899 3123
4948 2036
3586 4800
4814 4876
3551 4358
2529 702
922 387
1895 1592
1775 1035
1637 4152
603 659
1226 274
1082 1879
3335 2713
3163 3477
1874 3667
1107 451
1599 2760
1768 1521
3624 2585
3967 2151
4539 2000
3505 463
4167 3795
3847 3422
3078 2119
4930 1072
4888 3766
3455 3036
1836 2899
2572 2865
4233 2690
4331 4700
