720 361
5017 7536
4456 9933
2707 3619
1879 4193
8124 6308
5057 1351
5870 954
4989 7096
3488 2666
3253 3000
4020 2559
5504 7524
1077 258
6451 1683
2426 96
4220 5828
2711 7634
7255 3534
9983 8182
1567 8152
178 2135
8417 8221
8206 1174
5509 6007
459 2745
5805 4212
4987 5021
5203 5934
1121 1584
7526 2658
9452 9565
5986 9128
1529 2433
8681 5161
1125 1130
4374 9515
1726 2112
2103 793
4655 2988
940 9768
9744 4234
8609 5038
9661 9212
9007 2803
3362 271
5554 8867
8461 563
7471 6760
5068 5660
6336 2212
6040 6080
9040 159
3424 3587
4776 9744
8859 1814
370 2994
5893 4189
1527 5272
3742 2531
4348 8442
7132 7489
3544 7998
9255 6517
9508 9553
1873 5832
645 2862
985 9440
2304 9550
2975 9117
6237 5703
692 2439
6423 8632
2623 7712
2787 6322
6704 8722
2818 4728
2283 7582
6702 9122
5795 3267
3735 9516
9373 3142
4903 3555
8507 4968
499 4944
586 1924
9052 6949
9923 5728
6886 2013
9919 7103
1201 2645
2121 6914
8023 9132
8185 6488
1325 5864
2729 5652
23 7244
9267 8068
6982 1359
8612 5998
