268 932
1659 910
571 1147
1046 1916
819 959
1692 879
1861 876
1789 920
1596 1668
1725 116
303 60
892 288
1899 948
703 757
783 402
1690 479
1810 717
1779 1146
570 1873
1108 1561
298 1096
924 1442
1441 1766
1341 714
1995 924
1657 1671
413 1168
124 375
1219 716
1139 1668
413 1357
1111 1648
850 374
1814 1624
603 260
1544 1986
1424 719
52 457
984 620
11 1711
797 1014
428 1556
1954 1009
731 180
1574 299
1634 1442
90 1258
163 1858
1331 488
1711 721
189 1991
392 607
1072 502
639 1859
1067 96
1413 295
1388 459
139 445
1703 1663
730 1774
1728 341
181 1221
438 810
247 1683
1409 926
309 1317
101 1399
75 943
682 1699
1364 709
555 428
1236 380
28 1401
380 1825
1437 1707
707 1352
1963 994
1473 465
1240 1788
284 1174
1690 1349
1781 1688
1958 506
1796 1923
1309 1595
962 1899
657 1363
1763 33
809 751
838 46
917 954
232 1448
1841 1318
1834 1663
216 1789
756 706
1441 476
884 650
1875 1847
866 958
1236 1309
1690 494
1928 10
997 919
1161 1134
935 795
525 1364
1757 721
1558 1149
921 1019
107 439
603 952
1820 1127
747 75
881 71
569 458
1563 1119
1242 1945
393 1347
867 939
1444 958
1854 1527
120 1421
104 408
1948 1819
393 313
725 1466
1898 411
1424 778
1210 1316
454 283
1249 219
881 608
833 592
1890 1391
1011 906
381 1001
1747 119
592 689
1920 1753
1091 1043
391 104
648 1278
1947 755
1989 1345
1888 305
655 88
364 136
1785 673
1735 1898
1897 236
978 751
1253 10
1220 266
1765 1715
1013 310
721 842
1693 1268
1586 1915
248 1840
662 1013
395 141
1426 534
88 542
1585 1517
509 212
1505 1813
29 1859
1868 1192
1334 901
398 357
347 1084
1137 389
1520 808
114 1030
1853 1086
675 801
712 525
392 1484
739 617
1614 1065
1827 1557
845 468
987 1746
812 1558
1577 467
1458 1580
229 900
1826 1034
272 1606
1043 35
1342 544
1238 1182
452 637
1841 1010
1097 1551
62 10
12 1553
206 1427
918 1600
805 1737
1782 205
1307 872
74 927
1699 975
1757 776
413 1579
615 1599
50 1672
1325 1295
1323 1753
1417 1382
390 314
1269 1276
371 945
716 20
1786 723
940 1191
1042 950
1933 498
1097 1434
1334 1985
963 1319
1115 1538
318 1039
1444 927
1913 835
13 1030
1622 1022
1898 967
1563 252
494 1465
1674 1879
92 1305
341 1505
1372 743
213 1116
1713 602
1810 336
1325 1791
191 1394
1007 1052
444 1903
1842 787
1 344
921 732
1299 312
1958 1907
802 1652
713 172
1459 752
343 192
933 1465
1354 1589
380 95
1631 298
1495 17
870 983
1724 479
791 1732
1803 534
1221 733
1240 677
1398 1630
896 1653
1990 43
1342 1688
1842 1456
155 653
665 40
1563 1049
1603 348
970 653
1690 1740
35 1643
1482 1999
658 1260
745 1184
273 411
1195 1671
43 1788
1752 460
922 1651
524 688
1328 228
1781 185
82 1392
723 848
1292 1373
1194 1961
576 1727
1507 1283
1541 455
299 351
1710 1056
1915 746
812 368
556 938
256 1139
968 1207
930 1633
1494 504
76 515
1074 678
1569 101
510 1278
1766 1244
550 434
1021 1005
1507 1848
970 588
1196 27
712 580
213 1197
1143 604
440 28
232 1130
581 1678
743 631
1742 132
857 1156
1315 618
1652 26
1113 966
1792 1801
960 410
1042 1500
1290 1661
17 31
1670 1477
1063 985
970 791
92 988
44 652
11 1928
1411 56
1031 100
167 1601
963 1775
1234 1139
249 1964
1174 1119
855 1102
1112 1592
625 908
1923 1067
835 567
504 1408
381 873
474 1342
1723 1304
1986 1131
321 871
779 1703
967 242
1023 1342
890 1088
1850 13
1419 927
1368 798
420 693
611 383
1 531
1286 28
1685 1886
1319 1624
1000 1606
535 29
662 921
1187 428
1531 685
622 438
1497 1399
547 1907
794 1603
516 1858
1967 673
1920 1845
1893 853
1717 1036
1 420
652 290
1475 527
524 708
428 846
21 506
1346 303
419 1830
1091 1163
1532 49
1814 80
1073 1517
1307 382
990 108
269 1394
328 1223
1134 650
1704 711
101 347
71 1831
478 533
1424 1838
1656 384
835 770
973 156
179 1851
443 1818
261 1365
1742 229
1670 863
1619 779
1932 1302
965 430
967 1850
1260 622
388 880
668 1099
1537 1994
1707 1458
1608 366
1879 1611
259 936
1763 1618
1591 1660
1785 295
1345 330
1385 1257
308 149
816 1173
1912 1990
1007 1098
1996 523
1486 807
923 528
1064 1945
1923 525
875 1660
129 1638
348 1059
627 1650
1015 602
1300 1355
1948 261
891 64
1039 597
769 1338
997 1304
481 543
1081 1847
267 1975
733 821
1364 1912
36 246
1733 1390
1701 562
761 997
1837 369
682 202
1797 22
1074 365
39 1662
850 427
1413 1810
1644 1755
393 1935
897 147
173 910
741 1915
1321 731
534 1143
1761 72
320 1271
1046 191
1405 291
168 698
1687 1070
1706 1982
339 1774
485 104
1619 1654
676 1466
945 1056
1419 1767
1389 731
208 676
157 1542
621 1184
896 1234
1706 0
1700 1177
1239 860
1176 1022
1348 1441
1963 396
342 711
1212 657
1995 1449
1313 1215
1217 1181
1526 640
193 1317
53 1732
1037 1327
994 496
507 1944
378 850
445 188
498 333
1496 1642
1467 362
1853 1479
616 1068
1734 766
953 1204
129 538
1299 1837
1191 948
859 4
281 100
708 1056
1169 1740
234 1377
1251 1132
1565 550
613 1173
1168 608
1109 29
474 1173
953 184
1038 1248
1801 1087
1984 965
57 17
1644 1063
1614 1375
1999 1065
1856 436
309 420
418 1758
163 418
1779 219
903 1567
1255 305
265 1410
571 632
664 1389
474 1206
550 1329
1131 1833
44 1993
179 1730
720 75
853 1307
1010 977
191 1056
13 1376
1902 1268
1409 679
45 561
1103 898
868 1922
1106 1802
255 627
85 457
1524 847
151 1230
1186 543
480 680
361 1752
1908 1652
746 1254
673 802
1596 10
1881 1215
1619 425
49 345
982 733
1887 367
1892 1275
311 1585
280 1066
789 1193
1548 1131
1096 1731
100 1849
1168 1577
1736 862
1846 786
1070 1925
1563 424
1261 1693
1449 1907
148 392
1771 1617
223 299
1292 646
871 143
457 1984
822 882
228 1145
