282 340
592 730
451 107
116 181
782 692
504 46
856 422
27 784
542 288
842 466
243 228
264 863
713 440
791 739
884 753
441 693
6 858
843 821
545 257
45 450
473 537
858 888
860 155
112 754
185 124
856 245
225 620
482 644
664 558
346 288
300 955
850 261
645 127
234 53
531 851
195 882
641 750
660 287
964 885
353 362
312 124
716 613
863 26
501 224
694 31
694 347
959 280
515 68
858 532
957 813
825 577
657 554
479 580
592 805
776 922
683 208
702 233
227 941
311 97
874 226
996 125
379 326
693 359
912 804
174 419
711 467
314 934
750 993
586 756
245 546
21 477
97 585
17 996
235 774
901 46
438 107
589 977
647 811
335 79
707 620
407 724
930 597
535 792
452 695
32 230
542 153
805 497
903 554
229 983
667 845
108 729
137 806
570 381
103 866
273 531
60 331
559 539
587 84
768 19
673 705
538 80
794 846
321 228
151 467
46 497
540 202
611 304
208 391
242 925
779 218
764 365
788 74
586 629
374 810
300 44
579 347
593 565
916 379
674 72
735 54
609 622
664 581
752 747
64 718
693 589
123 250
16 760
396 231
622 221
852 982
558 557
646 768
749 72
623 985
319 426
205 236
612 551
753 704
188 679
577 102
798 776
122 964
327 710
290 616
656 300
696 278
196 488
526 661
806 567
925 935
667 260
229 263
752 33
250 154
768 364
228 489
571 693
195 992
104 661
500 844
425 738
936 893
220 379
683 703
729 446
219 462
540 242
775 197
611 958
421 119
220 376
854 644
102 129
978 92
459 427
672 977
562 146
314 15
132 889
964 813
353 645
20 253
567 331
234 364
205 607
777 706
498 748
590 438
927 399
315 960
450 740
949 844
977 622
50 3
981 618
84 444
438 375
609 583
132 976
273 350
