290 5210
2984 3167
2536 3995
4386 4752
9426 9826
8056 1335
4093 9417
6438 7862
9185 7945
8608 6166
442 3595
3344 6451
6836 2241
3040 2856
9876 7968
7559 4446
9266 4540
6006 9492
259 6423
2065 5076
650 1964
3056 110
4300 9809
1674 7611
1518 4737
3894 5106
1289 2949
1643 8762
5561 3517
585 6398
4713 2023
3 8606
6040 1619
6040 2381
8219 6071
188 5483
641 5038
8664 2181
7388 108
8368 5616
8314 1581
1376 4323
3836 6224
5359 669
3590 5727
7449 1194
2104 2233
8178 5336
8696 3520
6641 3392
7628 6470
9322 2594
3555 1432
2848 8547
1488 1695
579 9849
4841 9568
2121 9940
5081 6391
5546 381
5338 8592
3915 5763
9250 6676
9665 1686
3319 6898
9571 3706
7637 1606
3827 2662
6532 2462
3129 3342
7914 7577
9310 9159
9331 2000
8179 1110
4292 8898
7879 4290
9444 3550
8632 406
1969 9831
9657 3262
5725 39
1817 7665
3664 5796
8856 4760
1375 2486
2599 6407
536 1503
8941 854
5495 9534
5396 7689
184 652
2253 6294
1968 2648
3114 9256
8619 4625
6918 3026
9763 5519
3057 4588
3747 6296
2631 2264
4327 4646
4141 7671
2857 189
599 2618
4737 2932
9447 2852
1863 5190
2749 309
140 2959
7125 9407
2310 9034
2856 7441
7713 5413
4335 2640
3874 650
379 3818
3190 388
3956 7919
5617 7207
3240 5713
3916 74
5722 7457
3129 550
3864 2915
3439 3011
1489 2451
2164 3568
5985 7156
4142 4454
5956 4620
3353 4893
9196 2488
5970 4865
7024 6006
1113 9892
8016 4777
269 992
9601 9567
6725 9453
8174 2626
7641 6972
591 6301
2549 1109
7472 7961
2008 262
7513 1351
7761 2288
9128 2882
7472 3525
156 5800
7347 8852
6291 8216
8641 8135
1008 797
3080 5213
6775 6788
4320 8781
5430 1306
4155 78
2608 8381
4825 6229
9708 414
6955 1505
5865 7784
8667 5232
7210 3306
3641 6415
840 4476
9652 2452
4271 8323
3678 3751
7087 7695
8159 6674
491 8579
2404 2256
4423 6419
1158 8636
1253 604
6939 8002
5538 7318
6535 6895
3875 1360
7993 8292
7417 1283
1645 7967
7496 2165
3088 6901
9112 3835
222 1896
7476 6872
4935 4105
7573 7985
75 8717
3610 1339
876 7299
8017 595
3761 7573
1493 8218
5085 4993
856 7384
