305 1626
744 834
53 1532
136 1333
1551 244
1117 891
1287 871
1459 1358
1059 1904
1999 679
1926 1564
1884 1295
275 102
1902 259
191 1369
910 850
818 906
623 585
1248 1630
304 169
382 1616
915 477
829 11
546 675
929 1021
1471 561
1677 1661
1447 166
1925 1989
1636 1583
1837 1511
241 1061
607 912
301 259
23 1390
463 1450
1592 663
1478 1518
548 959
1884 327
1458 1547
109 1603
1217 1972
401 992
1294 1925
1813 859
1291 1433
1853 1806
697 524
32 707
1956 1397
1219 75
606 66
726 237
386 900
1547 1311
1244 1462
1028 1397
1168 1206
936 515
355 792
1957 266
639 1705
446 848
1808 1499
989 1827
514 1206
938 43
600 1379
910 1295
1409 133
924 159
1074 145
1128 1206
314 1516
881 1434
513 713
645 750
1739 1626
583 955
264 437
1493 1758
71 633
159 354
53 1906
747 1743
1507 163
634 239
1984 1070
150 1521
612 1928
494 515
1649 1327
240 1195
1316 622
322 94
1739 1114
943 996
1817 1116
804 1574
