252 1677
1958 1999
675 1205
1634 764
1930 705
1512 1965
1126 1633
1945 1037
1053 111
55 1111
909 571
677 1277
0 20
546 437
626 1905
975 1167
1237 217
1946 1045
1607 435
230 547
353 191
214 1526
1459 293
1246 668
1930 1874
872 243
946 1080
631 964
1677 1355
234 1788
498 1996
33 606
984 1855
734 1882
817 40
1267 1276
254 1159
412 917
148 835
201 127
768 987
1216 59
968 212
1974 13
562 241
1365 1527
1384 735
816 1156
712 959
1151 338
1724 1265
876 540
1172 889
1178 1752
1786 182
111 536
1335 1917
1565 1365
1586 1469
23 1149
240 680
1520 1164
1661 538
1322 438
696 408
10 1532
521 250
702 1368
468 1811
429 1991
414 746
1991 1438
23 1194
682 1603
400 1617
82 1856
372 11
1417 1354
438 164
1008 1907
1445 1769
1036 1538
1641 1286
618 1779
1625 1220
798 364
247 740
1537 834
382 93
400 379
615 739
1333 1205
104 1272
546 1664
562 1107
658 13
1007 857
793 1004
1298 537
1160 1426
1676 708
1552 1629
179 287
519 1799
1434 390
478 76
1649 1290
1049 478
1394 1599
1089 235
103 1107
148 1799
1700 1306
409 221
1179 1084
413 1870
1615 153
882 1583
1531 293
70 781
1824 1435
89 1518
1305 1201
1644 831
33 633
1306 1404
490 23
985 549
1495 1797
1287 1279
458 610
1040 845
1788 174
1626 932
695 541
1536 1213
1151 775
1220 310
1864 221
562 328
797 723
624 917
283 1591
1590 718
1646 962
1209 335
1447 1999
1597 1342
517 1640
1618 147
949 239
739 12
318 110
1975 593
1995 1714
379 884
924 346
568 615
99 573
1177 1758
778 414
74 1626
399 804
972 245
515 663
1847 1083
516 1473
1000 226
724 424
198 649
1122 290
18 1352
1036 407
16 312
1466 779
1745 1908
1328 1933
415 534
1299 525
1090 867
86 606
86 1166
1964 424
661 1779
1515 981
354 483
1319 756
1005 189
692 291
24 960
19 1263
1919 1351
871 191
443 1095
889 634
1478 322
1256 903
187 1598
1605 1982
610 917
1664 1036
1316 1426
1270 553
50 88
221 1900
1108 1099
1776 1183
988 1979
97 1478
498 557
123 1455
659 942
1767 1021
1481 1283
264 1322
1844 1215
843 493
1412 456
1928 1424
812 1488
1961 95
1917 893
1119 639
1556 115
120 1727
1715 1357
1002 1673
247 447
693 9
618 907
930 1941
1070 1286
1452 515
330 1723
1540 659
332 1370
1301 431
17 981
1396 1415
1963 1263
629 1867
175 1516
268 1313
1741 332
376 499
1855 464
215 1737
521 899
790 1390
1077 1613
1193 431
772 1253
1881 1707
547 980
208 441
439 250
895 238
16 1436
719 1507
709 863
257 1171
1441 1854
1527 484
174 1313
1660 1921
752 78
1639 593
1578 1854
1786 1961
241 725
1990 660
760 1755
719 1152
1602 707
1054 355
1935 1992
791 1370
584 89
1260 288
343 463
1011 1836
1659 557
175 1504
676 1588
100 70
45 337
1360 1920
1090 931
179 1066
1069 1353
124 1120
829 375
1397 99
1521 1205
1458 1654
59 1761
525 4
991 1688
1760 473
962 1343
1462 237
1397 406
650 945
1865 603
1578 481
407 796
27 1800
154 671
840 1954
1732 1257
339 892
528 1362
136 97
1212 1812
1609 1902
327 1068
945 1981
31 156
1820 728
1865 234
1768 219
356 25
665 1634
1092 1521
1539 1247
536 83
930 1117
544 123
1498 1709
916 45
1868 837
522 1860
361 1214
1871 1153
1423 19
257 930
1731 1394
1969 1006
269 823
953 1283
1617 1157
1800 211
333 1275
717 264
205 1478
1580 706
1288 676
51 1638
1053 138
1672 1146
1112 1312
1226 1348
965 227
877 375
1416 269
1128 453
392 231
626 1005
317 1422
1862 1688
648 598
678 1454
824 1124
391 1766
647 116
821 732
1519 515
463 1500
772 1390
1027 304
1325 1152
1270 353
798 1047
384 1627
1781 771
956 1664
739 449
436 1165
1129 1230
1274 60
1790 675
1720 1681
1255 1204
143 1781
1971 1853
1199 1671
1132 1414
702 329
1118 1867
1502 1654
645 259
408 1298
1564 61
242 544
1830 1606
356 696
1443 1568
301 1527
279 847
22 46
