160 360
225 133
241 396
779 161
823 591
522 807
170 398
324 423
794 562
880 13
134 822
621 60
513 373
92 511
439 999
53 465
9 234
292 176
225 921
990 513
683 949
735 584
505 998
371 807
604 331
653 829
459 502
988 533
549 518
909 315
931 545
334 547
455 772
173 301
620 995
588 505
95 570
891 537
465 153
603 241
115 128
375 319
656 219
406 231
883 277
272 275
179 481
45 705
964 988
422 804
499 289
949 83
286 639
645 436
33 320
14 572
809 407
576 541
974 632
378 409
719 318
846 705
751 186
745 151
115 194
7 466
548 990
301 637
245 374
241 525
642 384
202 44
8 227
872 87
476 451
874 789
912 400
845 173
864 819
129 33
261 930
626 249
17 979
856 788
376 59
423 226
615 762
755 195
862 139
32 120
295 691
578 135
396 515
486 910
392 387
770 554
821 382
234 909
947 295
555 640
