3698 3917
1272 5346
392 7150
5051 7725
7791 8337
1457 5482
8352 739
3661 2545
4587 4451
3074 2179
6807 5486
1332 7704
212 8848
3372 2356
9728 6784
4149 460
3553 6910
9723 1837
9962 9089
4487 3262
8011 2485
1704 3771
3532 4283
3777 6503
1303 8047
2480 6283
7659 8272
7875 5860
9027 2581
1963 4849
8483 5699
4467 4541
6542 7474
1888 4792
342 9432
6872 2535
9455 2826
9831 682
8489 4325
3507 4108
9 361
2936 6607
8244 2710
8686 9669
1331 9526
5046 3210
8800 8156
7478 7088
3039 240
2339 1029
627 8827
8215 4937
6956 4499
4340 4526
1040 1688
6174 4175
3120 4660
1221 2469
199 1583
6588 2134
4881 9792
9928 5310
8885 5632
6324 7753
2300 9419
5261 6841
8210 5235
3789 4313
5060 1103
852 1975
5439 7349
4264 5262
3890 5983
9129 9750
3659 5371
7348 1699
5540 7712
356 5615
7899 251
5770 8204
871 3801
6939 4234
1154 2460
889 6239
2362 2519
5139 5346
494 5363
4018 3047
6311 9934
6861 2612
3990 2687
167 3031
6745 8044
476 9476
770 8251
9192 4897
4153 4998
3960 7601
1341 6413
6076 9909
9082 7111
7073 3549
4400 477
7500 81
7828 8378
7325 3319
4054 6152
1265 7474
6701 3606
4305 8278
7706 5717
121 3498
7104 9726
8453 4489
4607 9046
3197 2263
1508 2749
9111 6022
2431 6426
8478 1613
477 1668
2263 8460
1279 5148
9580 7535
4488 3715
2670 6687
8811 8669
7108 3084
9961 5170
1378 6706
7738 1276
5289 3221
860 8607
7637 9151
5836 9585
823 4753
7678 8292
7760 5672
2207 7868
8516 134
6803 2853
992 6367
2859 8118
1939 7139
9526 9292
7503 2547
7646 5969
9780 4772
7424 9021
8728 1350
3998 408
8684 6673
3091 3331
5605 3723
9788 2751
8942 6720
3878 2275
6945 8637
4457 8437
7361 5473
5683 5002
1308 1260
5825 1950
6952 6651
4325 6456
6615 613
6428 77
2644 284
2019 1173
7755 3090
5082 211
7624 6719
5985 9835
2688 6998
1307 4945
8211 3048
5430 2609
3564 8475
4537 8725
8742 7664
4952 9960
4265 438
2899 341
5204 1565
3800 8057
9891 6134
8863 8376
4384 8007
7693 7261
715 5234
1148 5002
6071 643
3448 4515
4093 8636
5644 5190
5732 8718
7244 4462
2730 459
7475 9961
4968 1055
3567 4642
9860 5690
4728 3676
8620 14
8616 7972
2733 19
8734 7424
2079 9882
4483 9833
4641 8344
6913 5854
6293 6612
2995 4051
2595 2516
6290 5391
9404 422
4957 5619
8695 2391
7574 11
6876 4987
4512 6620
9880 1952
9849 6577
6043 3955
4998 9247
5793 3365
9628 3694
4911 4174
5001 3724
5683 914
1944 8088
3683 8077
5642 1467
7868 1864
281 576
47 6365
9798 6506
4469 5711
7741 7028
8933 3229
7159 8457
2977 7037
4749 9164
2588 4627
282 1045
9673 9721
7254 7872
424 5782
9493 1565
3384 5180
6183 7196
3280 5228
1194 1801
2645 9406
3576 9520
2911 1133
6272 4899
3231 9021
643 6935
5171 8643
1935 3997
9094 1533
599 3232
7129 6070
3650 6272
6099 2447
7233 8835
5885 5082
7188 4346
8616 1981
191 6219
5429 8935
25 125
4941 7504
1874 4649
4378 1629
9344 6390
5260 7140
8334 3206
8197 5138
8866 9886
654 2860
6913 9786
7683 7683
1243 117
225 1318
1381 1237
580 5220
5426 6204
4100 6946
9203 4063
9144 9086
2580 6685
3313 5206
183 9014
9078 8547
5687 4903
4127 4313
8643 1109
9962 5572
2527 9994
3197 7246
366 2768
2055 7365
607 6827
9942 503
4790 5561
6746 9861
1130 3691
4997 4633
5723 9008
2489 3844
8246 3003
8584 257
4776 2492
1401 4910
4000 3734
9137 7324
2828 2237
6606 9197
3054 5649
2123 5780
6757 7876
9841 861
245 5317
1515 8287
7362 8157
8236 7756
1671 7085
9591 3898
8686 4003
4645 1209
643 9343
6800 7667
341 1812
968 3428
273 260
1213 2099
4918 3830
5135 4490
718 3013
9055 5973
8900 2026
6340 3774
9094 8067
1276 6155
8354 7330
4398 3540
9405 2734
4519 1726
7637 6455
107 6396
1647 7068
5720 4767
2802 8893
4292 4362
162 6567
4874 3466
8301 5264
3346 8464
37 6945
5818 6116
6340 3023
377 4312
5607 9755
6718 1811
3195 6412
6473 5643
3053 7842
3108 794
4405 9842
4993 5524
4344 9526
5860 2807
7756 7749
9639 6732
1343 8890
1189 5642
8696 9070
4014 9866
1309 691
2344 3442
685 1876
6555 81
705 4129
2014 4917
6893 1562
342 3320
2351 9080
5431 5685
99 3583
1973 1963
9824 7174
4201 5778
2253 3144
2259 1709
9935 4679
2554 4125
8611 9961
2762 2218
