2560 4863
589 53
843 2768
3980 4598
2259 468
916 1452
1234 4172
1001 3563
332 4439
1920 3757
1122 4891
4233 1513
4870 4365
2512 3664
4358 2696
2091 2008
3290 3005
941 1449
66 320
2146 4062
984 1912
2643 906
3202 2710
1542 1066
1190 1381
2773 3696
2874 297
4641 3569
2811 3041
3278 4788
4325 1096
3032 3003
2224 3412
4758 1185
4282 2937
3266 926
3056 4420
25 1409
3602 4982
343 519
4855 1653
3011 3946
4387 3899
1741 2892
4701 2848
2859 4180
3662 3365
2941 2241
2729 2877
1824 261
4047 716
4153 4646
1557 550
3297 1117
1435 4853
1445 4017
4809 1679
1852 477
4411 1897
3965 508
1558 2961
3593 4722
3641 4674
3232 1985
3208 1894
1937 4038
2953 2726
1048 338
834 4553
862 4066
4020 3962
1740 4584
1061 4410
1060 1762
1260 1949
3442 1543
1 2271
1119 596
505 767
3613 2310
2096 3773
1170 4955
974 574
1868 3659
71 575
149 4735
4429 4907
3443 267
2050 3800
1872 4998
2209 66
1954 1156
3663 2328
4116 2666
4322 985
3487 1373
77 855
2543 1641
372 417
2356 3631
1909 921
330 1261
2008 4653
2816 3898
2998 4717
3371 2052
4978 4768
2143 1488
3708 3951
511 3566
3843 1100
733 3952
1133 997
2264 4101
1571 2139
4392 2610
3819 1591
3802 970
1694 2224
3126 2602
2600 3262
2047 1166
4451 2379
4060 4684
315 2197
2171 2720
1871 2326
2277 1026
1505 4588
3245 4264
1826 1241
2327 1667
1296 1845
2450 649
1397 4783
778 2331
866 4328
3654 1033
666 2389
616 2222
3314 4947
2283 4296
234 2284
3110 3265
1254 2843
174 3477
121 2858
3639 4425
3 2238
4713 4729
4437 119
4042 2050
2668 1057
2753 4403
4092 3348
1855 3029
2729 4867
251 1570
2607 1067
2195 3144
4483 3937
3437 2264
4224 336
3156 477
1993 3582
3711 1393
2078 501
3098 1402
3222 2583
2275 3994
2728 4735
1183 217
1494 1341
1248 786
3800 3776
79 1560
2311 3029
3370 2699
4552 789
260 897
4102 2546
4444 2746
1724 2030
4754 3244
2067 3574
4781 4065
3618 339
408 574
251 3393
2172 1802
2631 839
1485 2950
2423 1735
4844 4044
204 4781
920 2518
2976 2178
871 348
1649 1470
2420 939
2070 4757
3746 3730
1331 4011
3244 3463
3155 1190
2514 1812
3435 1883
1403 1189
3107 3913
2125 345
2472 2197
4895 2210
95 3733
3450 4325
4293 364
543 1234
2278 627
3383 3115
4350 3851
4551 3386
3705 4701
3169 2408
1086 354
3129 4208
2391 4428
3801 336
4368 4314
2757 1552
3187 931
2855 3978
1829 4248
1601 1716
1889 4390
3095 3498
3357 3984
4391 3065
4408 1437
154 3931
621 3747
4149 3972
1632 1369
3088 4838
1980 3841
1299 4918
644 2570
325 623
4420 1019
573 2182
356 1159
2782 1882
2001 1853
4655 2925
1943 2275
1460 335
3330 3430
4374 804
3289 4070
734 3259
1503 4632
4107 1246
3113 379
1869 3018
3259 1424
1136 4252
3890 1562
493 4962
34 1735
2909 1270
806 2062
3381 4143
2008 1600
1330 2740
4806 977
2274 415
3699 2735
1564 1941
1807 346
2218 1683
844 1757
3465 2880
2407 4693
1708 291
2883 3985
2324 4449
4891 2446
615 2444
4337 2876
4062 1266
1127 2520
1250 699
4009 2796
3979 473
2572 4443
3122 144
2981 4438
3962 2002
1592 2565
2329 4556
2412 4301
2017 3374
781 1717
4214 1778
3556 505
242 3273
1218 2186
2638 4525
4439 4497
92 2858
4700 3430
727 4832
2738 867
261 2178
1445 4555
1059 3479
2328 3029
4257 3709
2696 2233
2708 1564
4209 3649
324 34
4643 3722
1535 291
544 1909
2660 1618
2342 1190
4012 4872
2509 3521
487 2149
372 754
4518 3172
4385 2176
2936 4337
1777 2541
2849 2422
2164 3711
2562 115
2389 242
2211 4524
552 156
1199 573
2948 1279
704 3973
637 2078
1933 432
3986 2945
4472 4643
4683 1487
3399 541
2665 3534
637 1845
1911 3295
3341 1491
4578 1775
3186 729
518 352
3384 3102
4802 2138
414 3855
3211 4591
1775 2253
4833 4898
3910 1532
244 4657
2195 200
1038 50
4646 3016
3495 2783
2204 125
2134 1796
1231 932
4732 4054
1094 2140
4448 2437
4299 2563
2356 2524
4250 104
585 1717
746 921
131 282
3841 891
4514 1038
2412 3290
4555 4971
2500 3275
761 3293
2672 2067
286 3167
3942 4650
3889 1761
3254 4722
924 2102
476 2569
1691 1004
3378 1143
671 1124
1910 2021
1284 3624
4152 3444
1013 417
2213 1842
1038 3176
2518 1014
957 942
2946 471
2676 909
3796 2731
70 2179
3660 4901
999 659
687 1921
254 4515
2425 3312
2575 3608
1796 2589
2377 2016
4947 2990
4232 1417
2340 2126
1361 878
1172 4402
116 2713
3973 597
4222 2568
2561 4777
446 4457
1367 1993
4178 2402
2147 1544
3236 4961
1748 1923
1657 1994
493 863
2023 3969
2042 3260
3588 2296
4138 2400
2189 199
3960 1492
4997 545
1081 214
908 695
4344 2474
4658 1695
4388 3662
1293 587
2772 4998
2268 601
1625 346
3166 4839
838 4365
2505 2396
4820 586
1349 4606
405 3139
1787 4321
4798 4123
1663 2381
3286 3576
1456 2194
2574 2515
4828 4248
4057 1093
4451 129
213 3782
4233 1329
2497 4487
2528 986
430 1137
2948 2242
4953 1241
3613 4909
1330 258
3967 177
2232 838
272 1035
577 4319
2839 3787
3357 4598
454 907
3201 1352
3792 4185
3718 3710
3024 3481
419 2284
1084 3804
234 169
4557 2441
2563 828
893 3783
4401 1003
4072 2586
3885 1670
2192 91
1168 2279
2418 1573
3400 1991
2157 52
1073 4236
3146 1158
1138 3539
4898 1949
4733 1848
3769 1447
4040 2147
3429 3021
4175 1515
4297 17
4856 1777
36 2867
4474 800
4311 4096
1789 3837
4605 1334
741 283
3410 3607
2084 4322
3990 4649
3625 779
489 4543
4725 1429
3209 2062
324 3548
2901 822
3293 3399
1159 2323
3125 693
3839 1850
1759 4983
4995 64
4583 1105
4669 1089
3128 2231
2259 1391
2978 2617
4721 777
1983 1905
1003 3745
3948 928
1869 2948
2290 3066
2542 1439
2564 3983
3117 2629
2228 2642
4882 1295
3631 2420
4387 3952
1760 212
4066 2054
1343 4339
2538 3477
3397 1982
2035 4284
1533 2254
1618 3731
4734 760
923 4047
2234 291
898 1739
2408 4244
444 444
2055 246
835 2029
4309 730
4244 2208
4028 1309
688 4820
3435 181
667 3156
2500 378
1605 4779
2629 1460
2364 4199
3251 3044
2808 4639
3637 3400
1491 1889
1068 2270
1753 3295
759 4293
3324 3596
2123 1427
3503 3659
1853 3685
4058 4655
3149 4138
1260 4869
1093 1555
2341 1259
2565 4328
1732 3859
1198 2087
4300 1326
3603 4825
4432 2954
2302 27
3667 1180
1579 4661
2915 3643
2520 2339
