1858 1557
869 383
387 643
101 213
702 962
185 534
1991 530
1007 395
1656 1012
112 1528
634 873
257 1886
1542 1994
220 1121
565 1944
768 1001
1477 202
331 977
1995 799
1546 1154
1893 1334
892 756
1358 1030
58 1014
821 1779
597 1670
1693 1891
898 1695
1648 560
1848 1978
986 574
1012 1581
775 930
484 1262
1052 116
1365 1970
1738 1820
1131 1826
145 724
660 1917
1930 1910
1110 1446
406 1976
1225 11
1583 1171
304 322
329 1121
523 1827
558 1642
1745 674
955 673
1315 935
1253 1767
1180 814
1469 589
960 506
1703 1509
744 1093
660 1688
459 1230
100 657
1456 1852
1472 1350
1483 1944
1843 651
1122 1250
1573 829
481 761
832 1539
1568 1144
1127 1571
143 1371
123 1922
1979 1495
1176 1776
1940 826
977 626
978 1679
845 17
1570 619
849 191
1768 420
1354 895
843 296
628 479
399 309
480 1329
305 1141
1724 1812
451 924
385 457
334 1236
1895 739
1137 1966
1023 1782
423 406
29 1294
797 790
1872 1600
1558 1298
495 1441
1012 896
1519 267
814 1369
854 156
426 655
1495 553
1224 1842
1374 1088
688 973
1235 1762
1427 248
1495 737
1363 1318
458 1916
656 1739
361 810
569 175
733 1525
618 539
848 535
704 682
1714 864
373 97
319 1765
1158 371
1597 836
467 1742
1187 1794
789 1959
908 1630
443 1810
58 1334
1768 846
1103 1225
709 1147
699 1224
1829 1274
1797 1344
1070 264
88 1787
1247 205
1410 1019
1885 438
1511 638
810 129
1132 6
523 1315
205 1430
5 801
1455 1425
1397 1177
1497 10
884 752
1698 1400
1622 1568
1630 1942
1698 1952
361 1441
231 1965
699 1899
1766 1592
850 1790
507 1055
31 1418
1296 1692
876 923
1874 553
1540 1929
310 986
590 414
461 1813
1776 1266
660 728
510 18
1864 1764
1418 1469
911 1480
947 1961
24 1784
313 236
1107 797
1511 1756
1388 1430
354 1219
1276 35
1338 1873
718 970
1032 1510
529 689
959 736
853 1912
1521 617
1673 634
1209 745
1324 777
119 318
865 1255
1943 49
1952 487
1555 227
220 1563
1322 243
1545 1152
319 1139
827 621
1691 1776
957 705
1755 1822
1589 1917
509 1535
449 825
1416 1218
1973 1830
339 1193
369 1285
1952 164
201 259
1275 1474
209 874
273 1792
1174 800
728 1703
184 1693
698 1850
1658 100
459 674
1688 1592
1916 456
505 1143
1847 1849
590 1309
803 1078
683 1951
1579 293
1080 1125
856 1783
1607 333
500 1722
780 816
1522 777
1730 380
938 1796
1225 297
91 1018
762 1105
227 373
663 1709
1499 1312
367 221
548 1918
1422 1428
1876 1614
460 1565
1441 1904
1414 1757
1945 1003
251 842
964 363
525 1577
890 1586
1168 1657
599 838
1677 672
121 495
1097 1934
775 548
1841 29
619 1245
201 687
738 252
1914 1822
1348 1815
1514 493
1727 817
517 531
1638 768
318 1884
1345 242
1606 1761
368 723
1587 1318
1016 113
1216 527
489 604
1987 562
683 1577
207 367
762 1242
394 1550
438 616
832 400
1583 778
481 829
877 1679
1852 1380
1509 2
1926 642
616 1645
116 1970
1596 1326
1666 678
267 1024
1139 1429
1460 1651
1319 1691
1854 1742
409 1169
703 917
437 1805
339 256
662 560
941 1470
926 1051
1147 821
867 1470
1734 1559
214 345
328 1554
1970 222
99 153
1916 1751
743 552
1528 1302
185 340
1078 796
1534 1093
1884 254
1384 1900
1673 1243
1175 381
1320 1691
481 62
240 156
1203 1679
1007 521
505 803
1726 264
571 1868
667 818
1445 1533
371 831
1850 286
1326 112
1637 1685
1474 891
377 1554
747 771
743 616
616 440
1839 48
548 1850
1619 1324
1740 264
1363 1555
613 277
1794 1902
511 1745
1326 1118
1439 1427
1406 1473
387 740
248 292
1529 281
101 1019
1890 1068
1409 155
725 1130
1689 3
1853 1622
858 1651
903 302
1160 908
1825 762
1006 131
1638 172
313 1940
189 1495
1597 41
857 160
1054 1101
1428 1547
123 1984
1977 948
776 513
815 970
784 251
1499 1751
823 1501
1985 1398
1024 668
1366 706
449 1317
857 1903
877 1842
773 50
1837 1282
1101 609
352 1290
1713 814
1966 467
83 687
1544 1054
309 1982
1802 825
709 1713
762 703
678 1146
1936 890
1077 223
743 883
270 1027
1261 1736
972 1420
20 748
1935 585
1159 1085
1291 150
148 1198
1733 1277
1659 672
1832 917
467 1934
1078 706
203 446
1278 739
648 196
1613 644
634 828
423 361
80 275
1453 1918
1888 469
927 1812
192 1939
1419 933
1776 233
1580 746
618 846
1167 1530
409 1283
1778 1740
373 496
1354 710
1733 905
128 487
875 635
50 969
1246 1253
836 1307
437 1489
1911 1797
467 80
8 1908
1944 1186
780 1284
674 1460
1266 1086
1505 949
966 1078
129 922
135 433
1825 1735
1214 749
330 851
1599 1775
1118 1758
111 1083
797 402
1544 38
636 908
514 48
912 554
1736 1718
1863 346
267 76
1515 1124
103 209
90 1417
1738 604
1016 74
545 676
1725 1724
1346 89
1231 188
454 1493
1251 784
1076 1456
1612 1662
34 1373
20 59
1736 1527
253 1121
1518 1953
1882 1939
1255 414
1661 1158
1250 1944
1186 1734
1606 1096
