950 77
318 968
639 882
1173 1358
1207 1830
946 1996
1486 26
11 487
31 871
848 1804
642 859
1613 1636
250 821
946 1175
1315 1258
544 358
1687 1174
1433 704
534 980
426 1291
115 1574
247 55
51 897
1960 818
1571 900
506 290
987 1319
212 1532
365 323
549 1679
1281 975
1749 59
1997 931
1003 1738
246 916
1204 172
1120 481
932 1229
1762 1713
89 1969
754 587
641 1468
476 228
1802 1054
1420 1730
314 932
1469 572
1578 1417
1369 1691
807 1549
505 1579
213 576
265 295
233 1247
870 1787
280 1632
848 1286
1105 1578
1343 1002
58 659
386 1608
1153 1634
1091 1369
1144 242
1881 564
499 1698
643 1434
1226 1574
1176 782
1901 1293
335 1628
875 362
1139 787
40 991
1388 456
364 233
1701 551
329 1607
1608 1394
1537 1403
1957 1141
1064 467
1500 1788
411 554
395 156
1825 917
122 708
892 38
147 1527
1566 180
55 1059
1475 499
1371 773
684 795
7 1434
1242 563
808 351
1469 409
754 3
1488 1026
