1172 8746
7668 5524
1425 1248
7555 873
1770 7993
9528 7128
2406 4395
8140 5602
3985 8337
9773 9226
7669 8322
7103 6424
5583 857
3309 3069
7268 9015
9419 8332
6272 3044
8196 275
4048 9414
848 8936
9291 9891
2770 7374
8326 7467
2469 6482
9120 2760
1766 3189
5965 40
6966 4906
8088 51
1540 6290
5244 490
6811 7819
9475 6693
6436 3135
2125 8617
5173 9000
7780 6354
8487 7641
3730 8243
9938 6082
6598 5925
7016 9164
1738 2155
9759 2709
5467 4507
5399 743
1722 4819
11 1310
5965 1177
304 1094
8951 1997
1915 187
317 2426
9784 3940
9838 402
2800 2918
3096 4102
6134 3983
6703 2751
1046 922
6926 8980
6381 5223
1769 4840
2139 4995
1481 6778
7761 2456
143 2883
5134 8433
81 6669
7526 8770
4625 2974
3262 2778
8306 5825
170 1580
173 2184
2711 3098
6383 4337
8141 8481
2879 2892
2149 5506
5702 5591
7503 9893
1916 1279
3516 9843
8918 1820
6218 1690
8334 9730
3569 7077
6081 9680
1198 233
8180 9571
3047 185
3477 5864
9465 616
4966 824
4072 4177
860 624
4619 1686
1837 3525
9808 721
2806 8282
1444 3972
4089 8217
8006 6538
8012 7035
6070 6380
6716 9123
5040 2916
685 4552
7847 808
7831 1302
3479 8199
7883 5160
236 9289
949 2728
5705 5069
6226 6547
9312 6284
8926 8312
9068 4126
5531 7005
7696 8118
9318 6617
9888 8529
4177 2333
9689 3223
4448 9460
7570 5132
5552 2806
7767 9101
5999 2668
9826 1726
972 7904
505 4918
5679 6210
3764 2272
8188 1870
3681 5074
5539 5611
6821 6273
9884 7609
4321 7063
8020 5419
6800 7260
7477 5043
8876 8640
8635 6724
8679 3816
314 3473
8423 4281
7311 5004
3540 8804
9473 6749
1506 7411
8583 6859
8035 882
2521 81
4793 2825
9058 1869
7377 6918
9653 1594
142 7588
616 5132
8062 5722
2132 4992
4251 4290
1894 1271
6966 937
1092 5921
3003 8602
2012 4257
5188 737
7627 585
8752 5449
6709 1158
7930 7615
5968 7739
5279 552
1188 1423
1110 9851
6624 7486
4658 6257
1499 822
4066 9037
2960 3476
9758 265
1818 7944
5065 4138
2777 9076
5640 6373
6563 5375
5652 8827
2636 6075
8254 6134
3718 1981
6005 2122
1299 1823
7902 3067
7961 1326
2890 4227
3635 5321
1267 2926
3551 7898
7346 3748
7694 5923
7887 2142
1128 5631
4459 5476
3456 8700
6588 8182
6905 5927
9511 4675
8539 4108
1428 2035
8077 3317
5125 9504
5673 4352
9693 5256
309 7164
1228 5679
1679 2360
3915 6629
1695 1568
8309 9832
3729 4868
9449 6949
6787 1462
3072 3038
3056 9729
5546 4310
8137 5275
9271 687
367 2090
195 3533
862 2917
2609 5234
3389 8303
9510 1620
7780 7165
7018 3336
159 5397
4319 1155
5342 8318
7751 6752
5601 8074
8124 9598
6514 2592
2047 9127
703 6428
2172 512
606 971
5563 395
9397 4511
4717 5073
4649 8145
6242 9067
9726 6097
5879 3785
9562 2362
3919 4098
2585 654
2063 5190
6161 4013
2623 2112
7961 7552
3100 685
7813 7223
9826 8777
3120 5504
892 7296
5392 4968
5624 6609
9296 2111
6030 2578
8982 162
5595 7897
3351 6116
8519 2560
991 6776
2968 4913
33 8074
3759 8648
6320 5688
5304 7466
2344 5312
5273 8140
3478 892
6005 780
4421 4623
6887 788
5148 451
9005 6400
8852 9156
2310 8413
7421 3632
3290 4756
9800 9264
9618 3575
3656 5612
8672 503
