1295 1157
678 1823
915 1806
1598 1681
660 588
359 939
1633 1498
1458 942
1787 1716
1548 1396
398 1167
935 513
1539 1651
947 539
1106 1205
1135 320
936 246
914 1451
546 1776
484 1243
1215 276
189 1116
1964 869
725 1661
1278 919
910 857
1275 1031
513 1878
1800 49
156 1884
832 357
1533 59
171 987
221 598
1508 1680
1202 229
952 481
1912 1197
821 60
123 576
1135 136
1353 1583
1820 1090
1776 135
807 135
668 957
1713 1007
1854 580
474 351
1888 1839
704 1733
1730 58
1566 1265
395 874
179 1063
1045 338
1868 120
1440 656
1829 613
795 1584
1342 522
1195 1604
1945 1048
1688 1171
57 1256
1257 529
1623 223
1789 1273
514 324
407 423
525 1946
139 454
937 1908
884 1688
346 1013
283 980
223 937
257 725
405 129
408 591
1051 1069
1440 493
1050 1072
491 1927
828 626
1971 379
221 412
1272 1136
474 889
1112 183
302 1049
1651 797
459 796
1497 226
642 748
1001 253
1352 1133
29 1430
1571 16
657 125
