1852 1183
731 349
1863 155
942 955
421 1008
507 434
1057 1751
93 1526
1087 707
1064 892
1043 622
637 163
481 1517
1923 1993
99 1128
453 1187
810 616
1695 1608
1905 1665
1617 1636
181 1904
1 404
1451 1327
1465 1706
514 572
129 1263
848 1271
1167 1675
217 1579
985 836
1773 1985
697 1580
727 1205
1340 808
345 284
1054 224
1735 1288
1531 862
838 1167
293 644
234 522
69 1891
1087 1285
352 157
1502 1402
896 1511
1685 1391
801 64
1550 1761
1346 989
1046 996
75 761
1903 1725
1527 1366
141 653
1103 478
768 897
17 1640
1700 833
59 1480
1482 905
1198 767
1385 396
1366 599
1090 111
53 808
735 772
1729 1106
1982 1480
872 1784
779 362
1635 915
1898 1534
1347 253
592 690
1944 874
1451 528
874 629
929 1496
1835 848
1289 1382
65 1213
1027 1401
282 1586
933 1961
111 1932
1723 547
798 1297
1220 1289
1636 1084
1889 1054
1522 430
1625 1431
895 407
780 1962
415 533
1150 1825
1147 1307
1902 1106
1815 1898
