436 637
297 393
662 36
873 243
494 52
849 232
845 162
667 726
97 982
612 180
838 655
922 174
784 896
429 967
149 262
94 177
632 662
829 196
683 266
28 611
725 123
89 452
882 11
804 438
826 992
401 434
828 554
129 519
185 18
420 504
949 788
113 179
885 739
371 97
876 189
241 271
224 124
820 161
27 312
375 519
277 537
875 103
576 271
488 494
192 725
225 320
914 695
837 185
902 9
475 905
506 91
151 794
395 685
402 351
592 640
359 110
329 121
392 390
733 62
520 968
631 104
343 115
868 748
221 768
473 16
740 719
505 476
143 902
522 922
169 589
881 203
694 153
668 515
778 215
331 513
395 914
143 982
754 402
467 945
280 205
799 902
372 718
865 441
868 428
111 279
888 451
628 489
821 733
525 955
92 2
523 904
701 286
918 470
183 315
321 917
631 452
421 130
997 33
985 992
526 82
962 643
945 293
394 8
350 247
124 222
610 248
100 195
392 514
434 66
730 637
945 928
715 146
524 724
198 149
934 140
601 187
272 884
787 687
315 47
760 999
608 192
12 491
218 251
547 91
0 162
495 233
194 905
238 724
799 303
390 92
53 535
285 629
698 600
602 44
871 429
98 838
651 402
16 73
683 392
651 898
545 650
521 446
957 900
353 432
567 542
406 788
742 948
697 998
918 477
317 686
263 709
849 61
187 866
779 974
641 439
235 804
764 159
598 919
499 582
857 842
208 680
994 833
584 461
809 328
867 527
601 53
755 719
932 799
455 796
172 742
2 227
878 159
380 570
235 991
139 310
879 872
659 15
45 788
3 213
111 79
900 754
432 50
620 872
166 876
767 785
635 222
106 814
325 484
381 235
4 269
634 247
749 815
546 425
497 630
841 580
624 316
230 463
429 32
121 279
94 828
702 980
887 67
892 420
261 720
645 115
88 577
646 297
107 353
633 897
244 697
84 337
262 569
764 121
76 285
377 742
571 778
723 274
799 369
847 829
357 254
937 557
115 14
331 899
671 796
174 16
520 836
571 184
979 446
986 56
152 490
446 631
506 733
993 986
54 328
318 667
15 174
93 931
160 890
828 757
805 403
83 734
624 371
792 413
851 741
743 429
669 130
58 133
136 733
762 562
864 796
324 574
674 881
486 199
64 599
260 952
430 527
389 109
895 151
74 368
293 105
873 874
877 11
984 654
826 35
210 15
557 182
820 701
417 598
199 926
643 410
103 482
860 939
386 999
136 689
185 846
82 8
355 774
938 356
390 271
292 130
922 626
151 790
12 750
641 672
806 65
562 460
661 354
225 213
273 795
742 899
616 744
809 316
684 309
733 334
337 646
197 702
924 982
638 656
902 378
956 800
945 206
111 757
860 870
90 434
623 698
340 707
388 995
651 579
404 603
481 869
177 168
936 835
141 102
336 194
743 540
957 611
559 652
202 463
218 970
75 245
79 845
464 326
126 762
234 564
313 842
495 472
216 629
109 459
418 975
915 636
945 672
925 51
33 809
876 809
453 637
677 333
548 655
36 7
444 392
882 405
336 808
66 500
437 415
848 973
500 862
668 378
421 727
332 767
374 669
502 728
644 769
65 517
850 106
461 606
975 201
621 223
683 418
960 623
574 703
692 884
832 619
879 870
470 669
519 591
645 720
520 938
397 184
428 265
698 182
522 287
996 787
212 415
515 323
330 56
822 939
4 640
968 180
830 167
392 70
405 296
51 486
163 399
442 931
192 393
589 857
375 908
932 519
117 19
812 13
374 715
157 275
973 964
639 330
167 242
204 451
75 30
442 703
383 331
68 838
28 596
355 28
967 665
744 893
309 566
603 224
659 114
558 261
687 716
596 745
628 355
19 686
344 862
925 434
86 444
57 567
67 21
44 801
193 45
737 582
278 658
560 480
631 179
223 482
252 907
153 873
439 157
610 440
587 546
587 127
483 165
299 704
64 730
807 905
151 195
772 157
694 780
782 731
912 178
535 449
624 601
470 729
276 695
523 517
921 197
414 589
339 557
123 467
988 478
89 100
101 796
303 190
857 526
806 58
840 643
344 118
901 550
239 311
275 903
27 553
981 892
596 804
349 120
110 453
942 138
19 426
747 994
756 228
502 650
143 972
241 286
848 213
162 376
303 132
597 911
380 231
269 206
788 110
74 169
440 989
602 789
528 938
783 211
490 614
965 197
513 849
325 397
849 932
370 967
48 697
633 834
208 577
272 569
45 61
905 614
991 200
708 204
890 178
826 599
583 883
531 881
699 977
718 225
990 256
393 454
866 484
60 506
303 430
167 41
918 320
597 361
839 904
211 704
981 646
870 763
89 587
932 777
807 83
34 957
864 998
808 399
566 423
650 25
553 482
658 551
432 702
174 967
432 939
225 508
351 71
547 375
556 140
931 995
852 857
860 459
11 795
371 722
985 275
326 176
885 850
824 21
748 506
190 888
985 404
905 849
297 420
886 588
220 585
794 344
286 667
176 333
170 409
168 422
347 175
824 634
116 248
497 435
656 86
137 578
85 451
61 777
104 247
346 630
320 724
394 298
151 921
374 272
524 965
598 571
596 928
463 309
224 15
7 201
338 556
57 981
158 259
877 393
142 970
812 931
424 889
371 695
366 682
536 214
14 289
392 733
811 182
814 508
878 54
23 479
611 165
471 45
238 505
82 61
573 251
592 980
703 186
352 95
266 550
664 662
270 581
273 553
