6999 5153
8482 5386
6245 2520
6364 8403
6215 3928
8782 9381
4703 3912
2496 3885
5764 4064
6867 8817
6053 6405
1999 5997
9250 4198
1653 7359
7420 6246
855 7544
1039 6700
1114 4900
7132 5722
7461 3404
1935 567
3670 4696
3833 6154
2817 2605
5238 6356
9602 7961
7241 8687
9145 1718
9236 6104
1071 9192
2028 9012
1791 2802
6104 9860
4477 237
7301 6284
9857 3516
5304 3902
3135 8042
8606 4595
6268 5742
773 5369
5260 8747
7180 4778
7847 4635
467 6106
7673 3259
4427 4640
3206 9443
2203 6275
460 4594
9920 2222
7799 992
8614 5407
2598 3339
5924 6039
7625 1431
1860 926
3530 7107
4087 5676
7375 4795
8303 6664
4329 9395
2606 6164
4460 4447
6864 2650
9525 697
3110 3868
8621 3180
8872 1143
3897 6892
9296 2386
7601 977
9327 8674
9713 1540
8983 6155
1050 9206
2130 3014
6187 3191
4167 4764
9235 8981
8538 5013
7204 2085
2669 4258
6591 4071
4168 7767
2043 6622
6950 540
9377 858
2903 7502
7439 7408
5865 1483
5064 863
1813 1216
533 5871
1506 9119
9655 1025
594 1387
1949 4348
2187 553
9621 5586
3968 4512
7431 2796
984 7576
1302 2252
8966 2923
2260 4610
3066 5538
1514 4321
3603 8296
8808 1601
8648 1773
8336 1670
5831 3893
9233 4223
9506 7308
4635 4759
4522 8632
1052 1701
177 4195
3121 1378
8576 8684
2884 5942
972 7460
8810 1723
9862 8981
4502 952
5543 4743
6268 9520
8772 619
805 9555
5772 8654
975 2687
3610 8690
1448 4281
5837 9835
3697 4085
9819 7190
3199 3691
4642 3590
8467 2240
7646 1524
6145 5000
5908 9957
9019 4304
8705 6669
9933 6782
1717 4761
3251 7286
382 5213
8430 6572
7674 1417
975 5499
3379 1443
6496 7913
4249 2902
1007 2689
2992 1371
5967 9376
762 2702
2673 3981
5687 7854
1293 2485
8743 7319
797 2133
3274 958
398 1315
1387 5300
8489 4685
4894 8982
3440 1438
7328 7966
7290 8437
4658 8540
5862 7062
9588 8559
6672 9668
5547 2202
1178 9816
4367 6282
9136 173
3004 8896
7183 1199
1011 1132
1124 8326
6175 6052
8283 2402
8800 8442
5202 7264
1079 9371
4930 4873
4225 7277
1114 7938
8077 688
5878 9045
613 5613
368 9204
6465 1067
3249 7533
4187 2418
2805 105
8201 1928
7829 5806
1184 7165
428 2873
6274 2614
5223 9071
853 2243
505 3870
3393 3679
5731 8949
3252 1737
3783 8117
9935 2172
519 8528
318 3760
7386 4988
2772 7450
8725 2459
8360 7771
6701 826
9852 7393
2534 7817
1921 1214
221 5793
3672 1308
1380 5741
3180 6689
2551 953
1743 1419
7370 8302
3779 1333
5810 7895
3533 1347
8630 9131
975 1214
488 6123
6602 4746
9528 3061
6089 2628
9669 8622
4912 6615
4032 6870
6458 8138
7384 3206
4920 3438
9563 395
4211 4416
7772 7140
1175 1867
3722 1563
1028 1912
2557 9594
6750 9404
2937 6005
1707 3272
1594 873
6864 1502
3531 7025
7103 5969
5062 1998
8891 9852
7837 8526
8480 6240
8863 5169
9023 4048
8925 2968
3073 7941
3667 3966
3461 8722
4929 1231
3869 4117
6391 6522
7950 9314
5367 763
9790 6183
1607 3718
8397 4538
5020 6645
2399 2134
7075 2575
8465 8526
9737 1219
3401 5722
8521 7454
9500 6857
1925 3623
1869 9469
4934 8257
7284 7836
8193 9083
1529 2074
2266 4644
7618 3009
4046 8719
5932 500
4355 2031
554 3440
5389 421
9035 6556
9716 9173
5695 3824
7705 8284
3023 3503
8099 7151
9054 4012
1537 3929
7282 3640
3211 2694
2967 8303
274 4840
5713 136
2722 4696
9285 6326
6299 5159
6455 8283
895 4533
9323 697
6691 3330
2684 2492
8638 3789
2369 206
5923 5676
6990 6236
1908 2730
9957 4577
2385 8147
4813 7816
7113 2637
1098 537
8829 711
7917 5883
1177 4704
5568 9261
2310 2407
1384 7261
8127 9915
2947 577
9736 5702
9464 7773
6524 2965
9623 1325
7213 8035
1339 8270
5631 6896
8647 2202
5471 1186
3163 9542
4804 2228
2319 1449
9948 8624
2405 9328
5394 3540
894 7560
8508 6095
8759 1571
714 1140
5203 1824
1594 5545
5720 930
5461 7220
9546 7979
8021 7555
6841 2569
6220 9111
8046 6752
5872 1619
2119 3747
9912 6332
679 2663
9046 9929
1427 5673
6123 3518
7622 2253
8122 2277
5201 7813
4912 3755
5266 5055
7662 1284
8883 6751
90 2730
5298 3334
4508 9515
8819 5423
4256 2498
8556 229
3658 9189
6854 9064
1212 1363
8275 7442
9946 8919
8752 9068
7959 4725
9470 7383
1177 3421
8597 7041
6464 1901
7719 5431
6060 2645
5537 7120
5622 7876
7126 3374
2056 2840
128 4273
699 390
8473 3910
5106 9017
2163 8076
5545 2046
7348 1055
9416 6053
518 9447
2603 5115
7713 5264
3721 1372
8037 6955
5094 8762
5974 1044
1405 9542
1280 7402
8253 9904
660 9131
4251 1824
8534 44
9842 9213
2367 1591
6529 7580
3259 6703
2592 6397
5164 8805
5116 9017
2441 480
9242 1656
1808 2872
7579 7243
5543 2255
1495 6142
4573 7965
6178 5314
3257 6320
3299 2843
5323 326
4884 9846
3195 1497
1415 6133
1111 5470
1449 8578
9062 2655
6212 5612
1310 9915
2844 3398
1701 8604
2318 6290
9813 1581
9022 9983
879 8435
1844 7334
6052 9627
9254 8662
5775 9142
7246 9973
9353 999
6458 2682
3873 3872
6037 8629
8126 3162
1792 4863
5805 1388
9366 2326
6862 7338
8308 2143
5766 8891
2639 3000
3383 9785
2766 8460
3131 8973
6455 8126
4077 6206
3622 6626
1419 7691
6812 1728
3911 6700
5891 3180
7124 9217
8805 4154
890 1653
9314 539
7239 897
8493 3890
5455 3432
6811 9874
1128 553
3186 6431
5934 9537
2369 3841
2058 1573
770 7198
1726 3523
8954 1372
9839 7421
7744 9745
2770 5379
4738 2455
9542 6843
9108 2721
3155 7150
3257 3050
8120 6278
207 3191
708 7024
3866 4539
2269 7498
1383 3489
3200 7210
9999 321
8376 818
2559 9639
8371 9742
4588 8367
5424 7625
1099 6502
7578 295
6164 7009
916 3339
9863 430
5839 277
9226 125
9049 6473
6830 251
280 6614
8937 7217
3309 7150
7733 5804
4870 7110
418 9436
9861 1536
2518 4000
8025 4781
3108 1055
6534 3825
4730 6613
3098 5677
7768 2593
5168 2971
4220 7084
6465 9519
430 5481
3363 1705
1740 9632
2837 570
1297 1293
7311 5494
9137 3026
3390 7487
5801 1077
7760 2810
8811 4387
3883 6662
2946 3787
8321 1287
4681 8678
8535 6540
1582 2387
2883 1769
574 4406
2131 1430
7022 2319
7776 9466
9768 9805
6413 3593
4091 8472
4746 1341
9441 6686
1632 6198
4943 1451
8762 7597
7837 8014
1454 8974
7037 2155
8688 2731
9365 3115
6616 6525
6651 3311
6356 7596
964 5765
5894 2988
5908 7812
7175 4577
8188 6559
5577 4434
1321 2454
9700 9301
4733 8250
33 2650
8012 4292
4531 9413
1697 4453
564 705
9948 8648
1635 8356
4626 3483
