732 2387
199 1620
4807 4711
4777 1448
1790 3713
19 486
3713 2597
4225 3889
4279 3330
2079 1279
3961 1767
363 451
3777 3309
2131 4822
220 3576
3314 217
4512 3450
4512 374
302 2735
2763 922
1726 1839
569 2037
887 578
4058 4336
117 1958
3881 512
2785 1870
3207 3953
4975 2264
4479 3632
495 356
62 520
692 3946
1848 4024
2633 4908
3448 2454
4930 4460
478 4534
3886 2765
2816 1830
3141 604
854 2979
4561 4059
2937 862
2406 3599
3643 2333
4566 403
1415 1223
746 3625
1405 2138
4121 2861
1438 4424
664 4542
2347 4168
1530 2909
1526 3312
2172 3525
4836 1525
3759 2067
85 4837
4428 3270
7 291
645 2786
4913 3889
2312 92
216 3324
3846 2073
1960 3040
1317 2159
108 931
4456 639
4575 786
1011 1119
3872 2589
1713 2716
1725 2989
1849 2390
3078 3418
3231 4090
2734 626
1439 3403
2847 3368
1233 4723
2228 4813
4125 2591
1379 1558
4313 2958
3071 383
4840 1142
3496 1181
4521 709
3413 4202
1937 3034
2938 4189
1304 2159
997 1281
1640 4359
4598 1867
3651 1645
1185 2579
2820 2887
3164 2997
3296 225
834 2069
4677 164
2052 3722
2972 1453
3612 2747
1602 440
3357 428
21 4168
4996 3141
909 4544
1075 1915
2690 18
3257 1439
1937 1041
4812 1182
2488 4532
4260 329
4105 1550
4400 3687
3416 1659
4157 2501
729 3941
2356 2560
2899 4759
1896 4557
2724 3628
4975 4052
3848 1825
627 4244
1745 580
3882 1293
1627 3691
4129 4989
2661 3113
2518 459
4607 4050
2477 2161
1364 4280
4482 4988
58 3479
2519 557
4356 1054
3838 4608
3305 4265
1273 4656
239 4876
4750 1402
3135 4239
761 3304
3221 3760
4129 1607
837 2292
2075 1584
40 1598
304 3621
3731 1519
770 2935
1948 3140
3956 1237
3863 1486
3713 4463
29 2534
1936 3127
4905 338
4551 1167
3770 3162
172 3675
396 2914
318 270
186 4580
2417 4515
4890 885
964 1762
4138 4430
2199 4997
3725 100
2171 2587
3648 1399
3400 2851
211 3355
1448 4320
433 967
837 1595
6 781
543 1820
2629 3399
4708 2146
3292 2437
4489 2317
1915 3993
4584 3431
2468 4235
4164 3551
3395 2048
642 4217
3796 2515
2120 833
2854 2321
7 1569
1578 3192
3289 2189
299 259
4398 3403
3752 287
3437 1119
2833 3392
2596 1595
365 3186
1137 4360
3091 1186
854 3987
1448 13
2482 3089
1404 4634
770 4582
3391 1238
3071 1953
3160 342
1875 532
4405 345
3105 4181
4990 2621
3847 849
4577 1304
992 3370
3087 2602
1396 2875
3234 363
3009 275
3378 4456
807 4636
693 2064
1057 313
1010 27
4417 3998
3538 3499
4897 2413
4909 407
3495 372
4034 963
3114 2788
4314 3991
1832 3089
649 1685
2844 1571
373 2374
4835 4769
3309 2339
1872 2820
673 4367
433 1873
4083 607
1693 3664
582 103
1006 4013
1520 3273
4801 3590
1101 2939
3856 4485
2214 2238
800 3808
1509 1665
731 3463
3495 279
179 1202
1738 4181
445 679
4990 3476
356 1757
150 228
1250 223
3999 1015
2326 128
2750 4991
1722 4171
2573 2870
2358 2178
1526 1145
3371 1221
1590 532
2024 3039
4185 44
985 1464
2555 2252
3179 221
1132 1509
2193 2177
3295 2778
4560 3097
2740 4081
3202 3928
3578 1767
3352 3806
2394 286
2879 3453
4961 184
1105 1045
1274 3158
4519 4929
629 3092
3700 1533
3322 4108
4178 3163
610 4406
160 1178
1249 4177
926 1709
3857 636
2986 640
4167 1404
1745 4690
778 526
3192 1627
4882 4922
2319 2880
1913 2656
3382 4778
4670 4189
3597 2104
4743 2444
2409 967
3064 3897
1734 2657
2941 104
4547 3891
2606 4067
281 1377
3659 1202
3177 3125
2351 1303
4681 2494
825 627
3464 1061
541 321
796 2352
581 1175
1083 1180
4304 4472
1063 211
2198 4236
3256 2594
1935 2076
3705 2296
229 888
3824 2795
3896 545
4905 817
608 4219
2879 4182
3866 4013
1903 2154
2406 4216
777 1264
1386 1782
351 2720
118 4488
212 2240
1641 154
1795 2863
2091 1897
2475 4525
330 468
232 3575
4118 2458
4039 4917
4129 2353
1838 1187
4621 1594
2936 4315
1914 4459
335 1996
2577 4192
1881 2631
1568 4232
2485 3372
1331 2024
2719 1784
2242 3724
1082 3248
2016 3615
4113 2692
387 1457
1843 2563
4097 4976
4459 4978
2966 3372
3627 2528
325 4418
3586 4187
4153 1044
3738 4357
2643 506
467 1453
898 3019
4515 2599
1905 4618
3755 3956
2975 487
4663 1852
2489 2789
676 1710
4852 3199
1896 3532
2908 1633
4053 208
4603 2403
3363 1273
2151 3988
572 1621
1163 1172
4333 210
126 4492
2230 3501
3020 207
4241 2847
2979 3458
3155 1927
403 346
925 257
2073 1867
3512 277
1484 4273
4331 4670
1659 2115
1883 4485
1388 3294
3286 3686
1420 4618
3208 2815
900 670
3269 509
4278 4707
2098 1265
598 2076
3155 1903
3848 745
82 4696
4959 1969
1180 813
4817 4765
3589 1590
2307 4238
3821 1708
4289 3790
4556 907
2108 2983
1005 3986
3408 2660
4461 3115
3315 1041
1668 1744
4248 4866
4664 1827
4690 4010
686 455
4814 1710
4845 754
1374 4551
387 3875
1811 2476
3887 4453
4734 1297
1716 1273
185 2197
2840 3212
2379 1286
831 589
532 3529
1058 1942
2172 3762
4629 109
3772 1681
788 4382
3529 1213
3072 128
4586 3924
295 2378
2383 1670
1516 1284
229 3323
2150 2967
4525 4468
3420 3638
4881 4287
1939 1699
3308 4684
2233 1527
2082 4103
440 1575
4240 782
4374 3516
1076 1248
4235 2632
4325 1823
2068 1490
1489 2622
3884 2907
3730 4342
1024 3498
1920 1537
3927 4625
2810 1523
1603 4815
4661 526
2220 1166
2939 4625
3430 2883
1996 4315
929 1530
1377 1090
4317 4323
4013 2316
2398 2175
2790 2870
1967 2913
3985 1949
661 1105
4255 2642
948 3194
4131 4154
3559 1180
2179 4060
4281 1627
1295 4787
4985 2892
4664 2677
690 885
2734 4413
584 3439
457 2474
3016 3402
1548 4158
563 2407
4632 4438
2842 115
3633 3301
4764 308
4250 4826
4869 4249
4789 1464
4997 1451
3226 3353
1878 1062
4900 3855
4099 2188
18 1719
2696 4056
2647 4722
3321 2823
3810 1566
2971 1679
857 4006
4218 1719
380 2835
4927 846
1458 938
4841 386
1194 1765
38 3881
3509 3560
2841 4466
4386 1994
4120 688
3289 4569
1944 1134
1558 821
3337 2678
1404 2157
463 2795
1342 4244
3854 2678
961 2773
4637 799
1423 4440
1542 4301
2767 1445
2097 2583
3696 969
1879 1873
4318 1988
1187 3885
2722 4727
1973 3816
731 4169
2596 1220
797 2386
4564 3010
3156 3981
2014 1751
2604 3660
4915 1686
2549 3414
2963 1811
4739 1032
2545 3986
1699 597
555 3501
