1603 4399
3599 3951
1510 4509
3519 2432
1594 1235
4132 3953
3942 3945
1489 1621
1430 3898
723 4102
1444 4816
750 4904
496 1680
3181 4667
2699 4332
4013 4195
866 2385
2898 4436
2496 1868
449 363
2693 3688
4463 4760
680 4024
3375 1436
3331 1689
1754 1211
3903 2856
3812 459
1162 1991
4298 1879
3503 1699
435 1385
3770 2581
3785 820
2536 1548
3836 581
2350 4983
231 4810
4162 233
23 157
855 3509
97 1688
3101 2938
1701 1826
3545 2872
97 956
1418 4041
1352 337
2155 4968
1700 2789
1354 4212
4421 2140
2279 2394
4533 1427
2684 1682
424 2442
3070 1708
579 3196
3118 65
1573 3146
4336 1630
2759 496
4114 4271
4947 2142
3360 2270
3825 3453
4772 4994
2018 1753
4355 2860
4606 3156
1063 1886
1555 4736
871 4157
2195 3922
646 1988
1219 1109
392 2300
595 3123
3358 2711
2843 2226
2429 2877
4667 958
4099 1785
4162 1085
959 620
1234 3804
1945 3060
1214 3922
4315 2443
1788 2321
901 383
1416 3593
1928 420
4292 313
4355 3503
4744 994
4521 1906
4584 2677
3290 3248
3693 3878
