398 732
708 21
99 687
272 717
742 50
241 230
972 18
686 329
54 814
823 208
980 585
138 260
1 500
497 310
213 942
59 655
611 696
977 814
672 261
361 860
685 728
193 718
962 607
955 809
894 206
744 40
189 522
147 932
438 383
348 672
825 746
133 32
811 741
747 695
899 600
169 60
780 385
634 560
553 595
659 472
135 335
574 428
806 61
310 362
116 978
480 895
427 359
535 568
172 871
821 34
679 115
241 792
984 216
402 693
809 779
126 801
418 34
340 61
487 910
507 706
107 935
129 0
940 596
978 121
942 665
808 623
651 300
739 605
758 470
22 543
103 143
81 346
854 172
474 675
192 514
424 516
310 203
544 296
307 239
951 985
659 256
221 579
70 578
209 230
675 431
599 279
517 149
520 868
88 287
393 72
256 955
830 488
669 271
758 773
937 763
7 514
607 491
198 326
493 857
898 633
