116 882
831 701
421 913
752 382
842 551
663 937
541 408
132 141
438 519
745 91
742 793
241 659
743 834
533 763
445 302
70 371
494 446
853 941
726 448
409 41
89 217
12 330
165 590
2 415
629 553
77 885
110 253
142 265
444 183
358 110
789 855
227 525
8 154
49 37
980 507
112 957
384 775
746 988
887 642
76 884
558 225
421 540
524 178
346 511
409 782
789 922
585 478
169 221
435 543
549 929
784 369
976 168
812 906
103 953
682 564
633 252
734 294
13 520
685 691
74 102
503 503
831 457
174 233
143 802
98 751
504 968
962 977
466 978
617 643
32 463
626 324
169 592
301 846
911 367
563 38
78 983
659 28
714 235
990 411
811 153
639 554
506 103
284 45
952 515
813 94
955 628
635 704
387 277
999 252
729 242
193 87
792 240
276 840
643 97
616 986
79 796
483 696
248 96
687 228
675 767
845 982
930 949
129 219
411 359
482 904
85 372
832 91
955 38
135 221
985 8
331 960
597 337
586 481
163 993
714 960
515 233
68 829
594 610
16 553
58 870
94 96
49 859
630 624
55 35
965 648
524 900
7 899
570 468
23 784
387 353
258 695
680 752
139 554
864 870
582 742
467 880
954 860
849 70
325 771
365 754
245 663
237 850
798 946
862 772
581 184
450 931
959 269
203 154
122 949
220 9
350 112
748 900
919 35
211 86
45 901
908 304
817 208
889 453
796 177
950 460
53 730
384 231
297 699
780 310
291 115
177 276
206 506
284 925
178 702
973 832
784 800
562 812
230 172
286 715
604 745
765 153
857 789
840 919
142 376
553 311
299 735
149 91
771 501
164 56
951 178
136 303
248 2
53 459
393 142
548 689
71 862
334 847
255 811
310 635
45 435
162 434
643 92
124 68
109 215
590 211
