1344 1506
735 779
1493 1362
810 802
1616 620
787 138
1300 1054
435 619
878 118
72 760
1106 1968
557 164
650 211
1715 1300
351 9
1137 1229
1549 801
1462 1092
1621 1984
1916 1098
957 806
766 907
1742 321
1986 1589
327 707
1468 1937
339 962
215 60
1429 599
1715 90
152 613
1285 1464
875 1276
1575 76
443 609
1898 211
1088 175
1281 258
817 1161
458 25
1361 871
1382 381
789 926
337 1812
570 6
158 263
1806 878
1912 1789
1797 1113
1599 1568
1767 74
343 433
1259 1501
484 1834
287 1420
1143 1721
49 144
1121 786
1498 469
903 1710
1510 1045
457 0
36 822
1453 1261
1149 904
1490 1938
1399 1357
498 1336
188 185
16 632
498 592
70 1540
1446 904
1207 1284
831 1188
1963 240
74 1274
603 1133
1837 610
920 1703
1456 394
13 88
1779 486
1626 1300
1985 1554
265 1543
791 1495
58 603
1114 1091
318 553
376 868
92 1106
313 1772
1793 1231
1766 837
1505 60
1773 946
951 1097
1686 274
409 1075
177 1064
1630 630
88 28
460 1280
1254 1044
1503 1820
1189 1851
1884 348
481 476
1174 215
1237 284
916 844
298 1897
46 331
434 238
1273 1525
1384 1183
79 697
1717 1193
845 1447
880 246
1440 1700
1411 1830
603 1284
232 1414
935 490
1450 504
20 1996
418 22
1477 1606
1225 376
701 1004
645 1697
1643 1587
628 1246
636 1984
295 1519
51 485
1672 227
1946 1425
1235 1821
144 713
1038 1469
263 1150
572 1227
961 1112
603 1541
1042 666
1610 722
1662 1679
1681 158
1475 899
1402 882
389 1105
1759 438
1629 431
106 677
1266 342
476 419
1247 1377
1024 142
712 1709
1680 1933
1277 992
259 1000
1879 1458
1795 1709
1800 1304
859 435
1884 520
1638 1916
175 563
1732 175
1609 653
1340 1977
1985 712
1500 1151
1644 249
232 1715
1525 1885
457 104
1782 673
1950 241
1229 1444
732 593
552 818
1066 1310
542 830
676 1716
708 1298
1748 1115
1353 699
660 260
678 1228
986 1829
1952 760
1642 1262
270 102
425 476
1888 316
1437 1061
1200 197
1938 81
438 1946
314 1675
541 4
1838 1160
221 1708
1679 925
10 305
1735 746
113 229
1252 1401
1804 83
914 1838
377 828
1941 409
42 806
1634 76
974 156
1978 1273
1464 796
772 1281
860 809
1984 1747
1735 1944
570 185
67 951
48 722
1637 286
1245 1805
705 258
1972 577
1695 727
100 615
1920 684
407 445
594 527
1463 516
602 1729
1395 570
189 1609
1432 230
1610 1943
1789 1850
1214 1300
404 589
1630 660
111 1008
1014 858
433 202
1552 1556
639 1347
1066 948
716 1983
1766 672
1244 33
659 1686
1577 1315
810 1211
896 1136
444 504
138 332
472 332
348 494
1965 115
765 1605
796 581
320 30
1271 966
625 780
795 1056
1175 1932
1049 1686
1730 1997
1440 1264
377 227
1566 1423
903 1106
1259 1209
1271 1309
51 1861
159 1265
413 432
999 1541
1088 321
415 1983
458 1353
275 66
703 793
1449 1236
455 109
1616 55
367 750
821 617
310 379
1729 380
1725 1682
230 700
267 1567
1004 243
1377 1401
1859 26
348 1088
1586 1011
1067 1184
1528 1833
40 1501
1480 236
1446 1535
1187 76
791 1936
165 769
1540 85
1758 546
123 967
1645 1988
1453 1628
993 952
560 1147
201 992
779 647
256 697
794 1851
824 84
1172 386
1396 1423
902 1275
983 1996
703 228
1283 1969
1101 990
438 452
1394 1999
891 1943
1886 576
1399 1058
327 1990
1911 376
1348 1043
1254 704
857 724
311 604
1815 385
42 1339
1524 1118
1721 5
346 1997
1814 1990
1696 243
1877 1861
1863 1314
990 884
1884 615
175 1520
1043 1341
108 755
593 822
570 1578
1947 1320
325 1781
531 1656
198 1166
18 491
886 538
1806 1556
1632 91
81 1339
93 597
156 205
1170 1766
989 1799
336 1262
875 1047
1718 1156
1332 1784
1380 483
1559 106
1233 1650
146 273
356 525
1231 780
763 144
834 1963
193 360
139 1277
106 1124
55 219
1521 1093
1496 692
1665 1060
1310 833
955 1473
1290 1925
781 1426
1184 1059
217 1193
362 715
776 774
1433 740
799 527
1826 1915
123 221
1046 825
852 295
776 1260
1980 1541
753 1529
567 1843
1560 867
1772 1277
1701 895
1947 1763
361 197
169 1328
355 654
1954 1174
1670 1873
456 1581
1351 1831
862 1457
376 618
1820 596
79 65
1661 1753
1266 1502
1042 1665
4 559
1542 708
903 494
1167 1721
1960 363
69 572
225 1869
739 536
881 439
1092 8
894 1033
1858 288
1752 302
329 947
365 1117
1980 164
819 587
416 385
829 926
596 770
650 462
446 1875
350 458
572 373
699 1452
695 223
1604 614
1164 1568
1481 1812
1450 51
336 820
364 1475
345 1441
1589 1257
179 885
284 1370
1422 1799
1711 864
1807 1563
885 1263
864 746
1486 715
376 1516
1904 1386
692 775
1796 942
1839 1402
1119 158
972 1556
534 744
37 882
147 272
960 268
82 120
416 573
29 625
102 955
726 1121
1782 8
1272 465
601 461
185 1979
762 1279
788 1762
557 1029
192 1088
1512 1875
369 1686
1783 1480
303 1245
1999 255
1234 47
277 1592
