3550 3655
388 468
3990 544
3303 1009
4741 2947
3887 3103
3325 1098
4912 2753
2583 3814
115 50
1892 3417
1699 930
3834 548
1154 1630
1556 1886
4823 2407
4192 3084
945 875
2940 2956
3180 2186
3384 1924
317 1491
3774 4622
4479 609
1745 1523
3014 4124
4191 4707
498 2658
1194 4447
2659 2509
2762 3793
1148 1084
897 2309
1362 1285
1735 4625
1036 3153
4139 805
4580 3545
4205 3807
3319 974
4050 365
2864 2716
4269 778
1830 2617
1362 3272
1262 4974
2886 2715
307 3350
1443 620
1097 3321
4270 2119
1780 2190
2260 1123
3224 4447
1352 4036
2209 2326
216 4351
2429 193
3048 3474
853 494
953 690
2042 300
464 3338
3381 3017
481 3012
3397 190
644 3322
545 4145
1088 3980
2718 2102
2751 2577
2581 3426
2979 3758
2805 2084
1728 1162
286 1581
2334 2913
3684 1011
2398 1646
1544 1451
2305 314
2558 246
113 1892
1133 1532
2931 4591
497 599
767 149
3851 4626
2519 4934
4886 4908
1049 618
470 2306
1536 4155
3433 4899
1737 2413
664 4530
1376 3769
3929 3237
1929 1589
1401 4839
3778 1104
3560 3725
2566 1609
2299 3671
3424 2319
2513 1388
2230 4215
47 1076
1738 986
444 1840
726 4526
2894 283
4401 4357
3047 3250
3142 4091
4532 4351
1159 470
4882 135
1575 335
1354 2692
3650 4686
1463 2259
4094 3474
902 3873
4156 3759
3436 1177
1452 2681
2028 3508
1472 1336
3162 3357
1413 240
3434 4132
815 480
3893 4958
190 1849
2332 1240
2392 2139
988 1042
2592 4841
2068 2217
1774 2458
2330 4254
915 552
190 695
538 2409
2752 3073
935 2507
913 957
1650 601
3040 3088
510 1664
1831 3653
3432 4518
2778 4124
3267 4606
1653 1393
4576 1541
4457 766
3415 2692
2305 877
2177 1535
2697 132
3145 2770
3743 93
3929 3705
3550 912
1892 1043
414 1795
2936 1244
1219 1541
358 820
1423 3051
2892 3088
6 1891
3228 1273
4966 1018
434 1746
621 2995
2587 2609
4654 1413
573 1498
3288 3328
391 555
1920 10
4050 1546
465 1442
4860 3849
2864 563
2033 2919
322 842
2425 544
3583 1539
3389 3182
3737 3920
4089 161
2081 465
4500 940
2214 313
2673 4214
4341 593
2981 7
718 3549
3962 3188
448 2522
301 1181
1273 2691
390 4274
385 2530
23 612
288 4132
4508 1628
2562 881
464 2661
3896 1057
2014 4891
4836 2366
3353 3352
3330 541
1296 4497
1885 2083
2835 23
3382 859
202 3395
2428 3025
4230 2470
1195 380
3864 577
1284 1513
3041 2958
1430 1
320 512
3751 1401
3841 2622
604 3215
4689 4877
4314 1220
2702 1263
2237 3506
3728 3850
1091 1073
4640 4477
3055 4540
4965 4332
4000 3225
2918 2830
4383 241
762 3306
1727 4961
3960 4551
1164 4387
2289 1429
2811 3420
3500 634
3073 4052
3656 239
4534 715
4914 2884
3566 4366
3102 4376
415 3018
3776 1341
3381 3349
3222 4607
1629 3908
2752 211
4261 2320
3892 2775
25 4148
940 27
2016 1133
815 3277
2401 1045
4727 1257
1593 2508
718 1280
4581 1842
548 3127
479 2108
2880 3763
3869 2092
898 1838
921 3593
2237 390
2481 393
1102 4983
2419 689
1601 4340
3988 3498
2134 113
768 1232
4292 877
2342 4111
3667 390
1353 4532
1486 4975
3927 4928
1216 3876
3992 4085
3918 994
4611 3091
781 4096
816 995
3965 2311
1727 4083
4064 1434
689 1001
2481 2512
2221 1121
1506 4120
4230 2230
17 3432
1189 45
668 263
1198 1113
2960 2631
4194 1560
2837 3889
117 1748
4459 4402
4958 260
305 280
4996 1921
1793 4873
4927 1550
1944 4203
4274 2094
2943 3807
1435 3900
2678 238
4620 3735
3160 4085
3702 560
771 1353
1067 4059
4821 608
1946 1019
3249 2270
2165 1025
650 1581
3660 3684
4988 2104
4989 3051
4299 3309
3763 1680
1266 3325
3710 3509
419 1315
2574 3370
2376 2729
400 2645
3479 4547
3143 1535
2718 4439
4007 4375
4133 1638
2519 3718
1768 3170
3754 4030
691 524
351 3726
2855 2501
426 2235
3473 2774
1026 2496
2078 3912
710 2252
2144 2371
2076 2926
3804 763
3564 2590
329 1725
4918 3147
3104 3735
4590 4868
4629 181
2907 1615
4103 2992
4117 2262
779 2734
171 4056
585 3122
3859 2647
2022 2482
761 200
90 3071
1320 4908
3054 2866
3691 4929
323 1310
4918 144
4142 753
3742 1516
324 2624
4548 1785
127 79
3795 1161
3706 955
1199 4039
4310 3353
177 3554
2844 4513
2845 939
467 3724
3745 1549
2791 3443
2944 2191
565 3134
2755 4970
809 715
1425 3704
2346 1266
1487 4108
4081 33
4305 349
3848 729
1114 2434
2509 196
1969 362
2613 1155
4049 87
1456 3601
3443 4940
1480 4268
4339 2798
3260 1396
1187 1867
2665 4569
4533 3303
4970 2386
1175 2513
2542 54
3333 2484
3347 4890
1196 2471
3665 1773
1218 247
205 3635
1662 1432
3246 4283
442 2967
3853 3536
4527 1895
1241 3095
459 4026
3303 4464
4212 3570
3679 4108
2112 2364
3523 4492
163 103
2446 4462
3689 41
3727 2011
3597 2897
2560 2533
1141 162
2039 3322
2038 2319
1496 3012
3869 4019
1771 3408
4900 4609
1282 2425
3570 1996
2884 336
1967 4205
4238 251
744 1588
2332 3500
994 3239
2420 1213
2547 4123
2422 3919
54 4686
872 1440
4533 3320
144 1212
219 2310
2398 2832
4536 1011
4467 4773
4115 387
86 3381
4038 2694
4219 1692
4879 978
4582 2584
1516 814
3 4906
1849 1571
699 590
4176 1572
3393 1153
4577 4904
556 3438
2752 4857
68 1737
4521 1408
3387 1701
2377 358
