2799 2454
1207 4913
4579 3331
106 561
3714 1996
2534 3218
3994 1210
1125 1033
3142 1062
177 1716
4106 774
923 4859
4776 1964
4931 3097
1533 1331
4901 3012
4539 3566
3917 4944
4873 4444
1254 396
1268 2424
4365 3552
2711 4200
4367 4090
2617 4956
4532 4508
279 4831
2540 1478
1748 1913
4819 2009
1390 157
3540 1591
4567 2844
273 717
617 2547
3029 515
3026 1775
3918 201
4441 2533
4971 2027
3951 4283
1760 3812
2163 119
2468 4812
916 469
3594 1177
3130 3635
2562 3913
851 511
151 2270
3122 1729
957 3361
3469 1188
1420 2046
4103 2688
3355 753
625 4028
86 874
2836 977
1792 4057
2278 4022
1242 1208
0 4154
4822 4717
347 3344
3931 3688
3757 391
1379 2698
3410 3460
34 3933
3366 1566
3209 1574
3895 1437
2307 2890
428 1402
1072 2783
2209 2650
3888 1083
903 3708
2041 2364
840 3126
1668 3492
3523 2173
2300 62
1156 2411
2545 1194
32 4901
4524 1848
4911 4999
1605 2458
3810 1537
2082 4061
3310 4232
3119 3314
4095 4819
1452 2583
1261 1823
308 1452
4834 2315
2921 4443
4087 1763
2452 3427
867 2768
1080 2265
4335 3482
4745 1401
4050 2634
1716 1435
4160 254
1671 2591
703 2472
4809 156
2888 1374
410 2148
1714 1269
738 4934
1325 359
1027 2791
693 1481
35 271
603 3886
4167 1845
1637 3794
2989 1564
1922 3885
4858 573
2547 4276
3409 3268
3914 839
1550 928
3693 3749
1059 945
4246 2307
359 2502
3153 2539
2399 2651
3729 2241
765 1288
130 943
3881 4193
890 4062
2794 3829
2749 4227
438 1757
1797 689
892 1032
4095 2009
4510 1723
3765 3051
1226 738
1162 3363
4814 2644
3778 2912
1308 2835
2038 1945
2 648
4146 239
2064 374
4813 579
526 3823
1212 1967
1675 4918
1809 1071
3217 4818
4725 1710
4533 3166
1244 4202
4268 4990
3391 546
1994 4135
2138 3847
339 647
4286 1684
3122 4414
1174 614
4822 2444
3171 4715
2258 4488
3138 785
4751 69
686 4857
208 2228
4663 1815
2606 1227
4841 2698
2825 4524
2870 2061
348 3092
928 1525
1763 1984
1331 3872
3063 2228
4000 1814
4130 4939
4684 303
3270 4265
3061 4694
1519 2384
3788 2739
443 4045
2524 236
4919 2636
3438 3427
3474 1246
1964 4352
1187 4402
2791 2004
2569 277
1973 3416
804 8
89 239
1095 1610
4503 2301
4691 2053
2363 2426
3547 1807
4200 1835
3127 2534
801 3515
3330 4649
3875 3893
1181 3216
1037 2287
221 2744
4037 4120
2537 1308
1125 1418
2759 4214
4088 4946
200 889
2307 3487
4849 844
2618 4807
1898 872
1627 604
808 561
780 1365
3380 830
3401 2417
1273 2110
1750 867
900 1728
19 1531
2252 450
2139 2475
3953 3454
3131 2949
3978 2219
3893 2418
2424 1078
1396 4058
4885 2150
1269 2078
455 998
3281 3256
4566 3644
1267 1624
3912 1143
4439 2819
1026 3733
2850 3217
4968 2187
3734 3214
2745 4765
4442 847
2769 868
3231 1093
2425 3840
312 1553
103 998
4578 2163
3711 2155
4849 4995
2767 3607
106 1425
116 4393
1743 981
3204 2438
4485 935
3474 952
848 996
2197 4936
3741 2429
4294 1054
2804 3839
4365 4033
164 990
4611 2668
666 1639
2951 1635
1679 2484
1100 4859
4305 4187
2396 3485
4586 4845
1150 2749
1750 1549
2211 3980
2867 485
885 4727
456 271
847 65
966 2471
4854 3333
3122 2150
2562 1661
1850 925
4666 4490
1281 4329
1785 2383
2707 1662
2392 218
3861 4400
4250 4232
558 1101
4661 4080
4495 3580
2898 4608
2968 797
2929 814
3223 1505
878 416
78 3904
386 4790
200 3687
2335 2121
2960 4823
1533 803
3850 687
1796 3618
8 3011
4395 4559
1448 1608
2276 4319
4148 4363
4262 3479
2355 3346
44 332
4235 4929
4042 457
398 1932
1979 4126
4347 4556
2248 4421
3283 3206
1430 3096
4970 2785
4622 838
1397 617
1795 2968
1304 4678
1977 1601
2285 3183
1721 2637
2108 2806
522 3719
1107 112
4582 2457
1415 473
2805 3357
206 2000
3818 4985
689 2226
2690 4598
4553 1198
1611 4297
587 2558
3197 3883
1266 1595
446 1455
1151 3344
843 1590
3292 1957
4731 884
1939 1213
3117 1827
2266 1878
1904 4871
550 2701
2357 3166
3754 4403
3094 3785
1879 3578
672 1805
4875 3394
3778 4203
1436 883
480 3712
2871 2592
815 590
1598 4387
2215 2136
1712 3219
4292 1268
445 1606
604 4914
3874 252
2952 2624
78 3875
3229 4956
4275 947
4015 1369
3910 1349
824 1893
223 1388
3796 2790
575 759
2184 4148
3906 929
4688 3705
2012 2443
2480 1074
4797 4429
3614 4463
322 1856
3839 569
1823 1037
350 3016
3837 688
4280 1920
3159 2175
2126 2392
249 3022
365 2674
3461 3806
208 3761
3475 832
4955 1105
1431 3666
2809 4257
4327 4987
1403 3937
504 985
3707 597
2328 258
341 916
1781 66
4458 3619
1223 1801
3015 3325
874 812
4002 2704
1856 2617
3625 2485
645 4191
243 2995
3987 2999
787 3879
507 4699
353 1258
2529 3503
2577 596
1628 701
818 4338
4934 2417
2982 3130
3764 1139
2553 1581
1816 3294
647 2529
2908 2798
3596 4680
746 185
2960 658
387 3528
488 704
3315 4338
516 23
3146 1581
4510 4452
3171 1177
2045 1947
4341 2017
1784 4609
3511 1243
4885 473
1732 3482
2153 1284
2917 1280
3441 1222
27 4198
1107 1089
3483 142
4038 2215
4309 4401
852 4633
3770 359
3890 4708
4428 57
585 4078
852 4235
2428 3149
3458 1079
759 14
3187 4803
3908 1040
2894 3284
1925 3900
2873 2761
1010 1110
