4404 5234
5668 9970
7798 3717
6156 5322
5477 5379
8372 5139
4385 3232
5367 6584
7403 2012
2538 5466
3779 6839
1512 3409
2008 1439
2683 3014
9452 6724
4281 998
4568 3442
3850 7256
7084 8164
2813 2357
1102 9007
3828 5388
2742 3541
9510 5485
7536 6867
7634 8457
3002 1872
1339 2562
1796 8399
7729 6286
9858 9345
3952 7669
6226 2040
3261 3053
9519 3101
6362 7559
4081 3284
8112 85
7056 97
9999 2441
1825 8168
9655 7183
7815 9097
4764 9055
6228 46
2331 6140
157 449
9962 9578
4715 3925
3073 1556
8271 3505
5822 6174
5754 1057
2065 3354
7480 1386
5217 4975
9941 3112
8592 3151
5672 2896
8954 4799
3467 4686
9668 2677
463 8521
1818 1193
3524 7497
8276 7936
9517 3298
849 9216
2213 5350
6379 3799
7375 1277
8207 6154
8819 2611
9644 9229
5969 9698
7044 9864
3221 520
8051 6542
780 2327
4780 6251
194 3155
9086 5841
9253 5630
6656 9989
247 9273
2797 459
6347 4013
6044 7338
7211 275
3501 5133
427 5006
6817 2535
6549 9147
9471 9602
6532 6819
404 6999
5594 6671
4816 8135
1756 9876
4234 7573
