2321 4081
1183 1529
1659 1603
9 2849
3531 511
4825 4017
3298 2707
2756 809
3194 356
3722 4473
3078 1913
3557 2263
541 2106
2743 3485
2438 2919
4334 4144
4969 4486
1223 1195
4915 4544
3758 793
3533 3792
573 406
974 2948
1649 3149
4764 2843
2832 2153
2213 1413
3039 3111
1799 399
2509 2345
4952 206
1582 3198
1202 680
3521 867
3317 2262
3818 4519
1006 870
1779 661
55 4991
4601 1960
3770 2735
2199 756
1617 2855
597 18
4090 516
4674 3728
251 2410
3627 1879
116 1168
3468 964
17 1846
3400 1380
2810 3124
861 3309
3362 1577
944 4209
4375 2348
2953 3993
4930 188
1755 951
2717 4163
1971 3055
4938 4001
979 2370
1661 174
4232 17
4284 409
1527 3812
4149 2507
4643 3315
1641 3050
1072 1942
4907 4415
93 4676
879 1816
2024 1282
2853 4420
3536 3152
3526 3782
3248 1865
2444 3492
2925 649
3521 1424
1383 2157
2090 1257
2005 2096
207 193
4350 3804
2209 1485
38 2367
3233 190
1585 276
2554 3899
4896 1701
1383 3993
363 3875
2036 3239
3118 4825
3164 4333
2654 1362
4192 4339
1710 4535
2822 4993
3965 2515
78 4861
1393 3272
3907 229
1193 4650
4737 1028
519 1086
3005 4095
3499 443
1620 2231
3451 3071
2799 2083
629 284
2774 3199
1828 4339
2538 1772
2992 293
4836 2932
322 4389
3209 3142
2043 2472
3400 1459
2290 909
2752 48
220 4666
1204 627
1710 3533
481 3051
3454 3425
1526 3716
254 920
374 729
3763 3859
3487 4261
2025 3124
4160 2691
851 1587
2221 2544
853 4392
2376 261
2142 308
1057 1171
1270 2867
4513 2643
4157 1440
2504 4931
4665 3745
4840 4482
3231 2580
1022 1807
3227 17
2648 185
1456 1796
2725 2920
3430 3408
3430 1065
4395 4006
2234 576
3875 4922
3685 220
210 3305
4407 831
1786 489
4827 647
81 2783
2591 4508
347 1525
4953 4004
242 4789
4622 3631
3294 4933
3616 3879
2682 1798
4439 887
4110 692
1614 1358
2595 115
3584 220
52 3153
3154 3227
111 3073
517 3104
3420 4500
2202 1295
3419 1086
3550 1136
4632 4009
2859 1368
3936 933
4185 2785
3855 4954
1521 2342
4260 449
4771 3057
221 3682
2982 1203
3285 3736
1713 2346
499 3172
62 3940
1231 2231
4795 207
821 4033
1490 3235
4020 4811
810 996
4170 3916
4646 1882
193 3564
308 478
4463 4863
929 51
1424 1343
2380 391
2731 73
1231 4982
224 2969
4597 4147
4992 1016
933 4146
1372 4689
3487 501
439 3620
1740 4117
4634 2227
1896 1099
3022 580
782 4208
1479 3167
4498 880
2421 2980
3446 103
1041 31
1722 4723
3855 2048
3761 3259
3973 4471
2059 936
3791 3765
1346 1751
3184 1050
3962 4871
3172 2400
2343 3329
4187 952
4375 3409
4105 1315
2025 3755
826 2030
4531 772
3277 4884
4265 4277
4821 3978
940 773
3065 1332
2014 931
1011 1058
2805 1136
2149 154
959 1670
2687 2809
1338 606
2332 848
2263 4815
1440 411
757 4129
4382 3750
3504 2017
4111 1558
2468 4485
2646 882
2446 1515
1459 3982
3131 1572
4355 1050
2013 4161
207 907
2016 1438
84 1623
2352 1170
3081 2086
473 1355
3027 4665
2127 4877
3775 4125
3426 4593
1330 380
721 4275
3741 2989
1196 425
2465 2370
3295 2950
699 1824
911 1254
743 3406
396 3474
1897 2447
