384 175
490 854
315 648
778 561
831 668
345 37
505 280
416 124
703 113
804 497
988 716
168 63
742 271
569 507
482 168
65 319
315 517
290 495
196 40
433 599
273 348
31 863
331 940
947 964
238 146
427 975
161 811
434 590
84 821
865 84
226 952
129 892
707 42
504 131
546 646
876 350
382 681
195 923
827 388
389 498
829 520
513 203
868 910
383 640
498 401
837 451
182 353
787 327
361 622
105 552
38 38
319 201
883 622
746 785
280 556
829 815
175 101
413 107
51 477
936 473
785 74
596 675
241 954
190 220
212 150
553 384
977 985
281 558
219 739
811 243
76 378
224 824
522 533
474 885
839 653
258 140
514 199
79 743
484 715
264 260
841 221
461 223
865 678
785 372
455 505
302 154
420 34
803 820
453 120
642 310
924 909
258 168
191 261
907 133
412 999
711 322
851 318
519 964
581 770
39 339
826 34
829 107
819 535
973 54
991 184
824 310
907 370
277 284
111 861
936 96
376 423
701 383
819 837
398 461
993 224
547 734
202 448
889 534
254 179
50 909
436 721
580 106
180 886
369 362
204 471
494 876
182 239
319 892
9 354
309 276
949 209
303 170
443 382
754 555
753 420
689 673
333 356
380 390
778 369
791 423
590 587
283 416
361 542
140 66
398 949
816 625
337 16
217 417
393 758
28 34
147 542
212 87
419 118
220 390
352 259
180 606
740 190
313 646
245 247
274 456
215 706
406 186
932 305
747 191
702 18
870 271
859 915
765 762
585 27
964 937
675 429
559 484
50 304
499 82
268 100
936 105
147 608
252 866
956 399
215 689
357 591
320 713
676 693
694 991
769 832
119 464
114 35
311 84
203 610
154 315
115 358
287 453
500 118
173 491
927 915
71 522
358 687
109 585
205 187
916 114
111 677
829 183
38 169
281 90
371 612
473 910
362 747
835 745
350 954
496 574
941 460
49 194
500 99
714 473
603 816
887 167
307 246
12 510
278 736
103 945
201 622
355 266
834 62
954 255
770 237
714 769
55 79
243 642
848 242
937 176
224 929
354 419
243 934
711 717
50 981
490 144
98 984
184 115
44 382
617 863
122 961
8 38
539 758
484 254
803 414
154 691
478 98
733 335
428 218
576 166
231 686
754 834
223 223
268 314
822 912
503 417
920 35
273 637
427 280
236 457
270 38
69 536
902 691
609 545
179 144
372 365
18 559
370 926
982 497
892 337
427 848
278 83
433 244
952 751
315 555
566 674
316 326
649 505
465 641
431 575
469 799
204 576
321 257
794 253
713 295
732 574
343 701
120 537
464 428
453 903
723 310
274 523
495 325
26 363
656 206
7 909
861 348
695 283
288 813
117 322
617 610
552 919
830 616
653 937
744 331
264 419
134 90
99 655
381 139
833 975
346 286
823 116
698 121
20 911
740 140
372 930
68 844
58 189
494 380
444 238
981 916
815 898
350 687
755 977
397 233
152 598
891 617
480 311
586 854
26 55
460 249
58 546
524 708
978 750
947 22
905 226
633 216
767 447
776 538
105 53
189 189
505 438
286 480
671 388
615 61
36 259
493 308
240 249
269 184
742 688
912 462
304 850
832 340
76 557
526 495
752 309
51 222
611 998
111 866
628 521
437 761
804 316
559 83
183 995
642 885
714 704
603 987
42 61
412 73
29 206
829 514
717 286
135 270
522 634
71 670
744 678
670 456
945 922
83 698
474 440
780 57
257 869
439 851
872 329
786 728
437 897
61 209
853 831
282 164
816 626
313 698
652 715
947 895
283 620
719 709
10 734
257 708
887 503
305 627
523 180
