551 131
1764 1547
1384 1082
1546 1762
1495 1112
1584 665
471 541
54 995
838 1014
899 1922
1019 571
822 565
1937 1179
1088 339
1013 25
1743 1849
1330 1109
1113 1793
1819 657
1253 1912
28 426
810 451
11 727
97 286
162 1716
494 676
662 836
505 744
568 1701
617 1498
240 925
1248 1109
1194 504
45 77
1762 362
1027 118
1239 168
1349 1910
674 1141
300 423
1787 943
1912 1160
1197 1509
1127 1120
1252 1047
1907 1574
1883 28
1604 1227
1932 32
892 1012
1901 801
1380 1809
1457 1215
719 1536
1284 631
117 1622
31 1868
1959 907
664 143
1127 287
1134 1000
665 590
1536 1329
1595 1366
387 1344
1092 1003
324 664
1799 520
1288 1286
541 1963
1921 526
391 583
530 1208
249 368
739 215
453 1477
550 1574
1997 1673
277 1659
493 1715
457 1555
934 725
1973 289
746 113
856 369
1815 167
947 1922
1040 1255
688 1532
1525 111
202 1038
902 648
1052 1122
805 906
803 1006
1190 721
1845 1738
140 1293
616 1547
1675 1231
697 719
455 1013
1507 1193
1869 1901
1741 1144
942 332
1336 1047
1847 733
434 319
482 27
30 76
1724 808
1474 666
1824 348
1648 1384
1468 105
1560 595
1535 107
1542 137
191 1595
1503 1040
1460 1177
1756 170
566 555
1560 6
1077 942
172 97
73 322
809 776
755 1698
168 1832
244 1143
1415 1381
1180 504
134 819
358 576
300 862
818 489
428 1725
1555 1036
114 850
1436 1235
1534 598
322 1263
525 655
1764 1436
1685 269
1431 1192
227 525
1338 1700
137 595
327 1802
869 775
1254 1263
76 1893
1228 1056
183 488
1240 159
1993 534
611 284
791 413
1740 1597
1077 1232
1356 1639
190 707
867 1625
1919 1450
457 1583
1312 655
1743 905
90 437
1144 192
220 1673
1585 117
321 403
777 1667
863 983
23 685
1555 1590
740 1325
1418 1640
247 1508
1361 1465
1015 1245
1989 51
1733 438
1738 1098
1941 1115
1821 806
1690 1440
1854 322
1844 839
1381 1553
628 971
1770 751
211 1132
112 314
304 1739
1561 1204
1898 632
1661 1669
1441 832
1552 1093
416 672
1271 619
1563 874
202 1482
1049 151
546 259
1564 1861
967 116
681 1034
1688 252
186 1242
1002 428
1612 927
1407 1232
1107 240
1762 932
538 773
581 1633
793 169
340 1280
1110 1554
1897 170
1234 1789
1587 863
1753 1322
1244 2
1230 747
1051 1962
675 376
1419 1530
1989 1758
976 1099
724 779
806 1035
214 853
806 293
102 1285
1092 1350
1596 779
389 1409
1840 738
683 702
1196 1041
880 1011
858 1504
1619 511
1835 1648
767 465
944 780
1292 203
507 822
1324 1396
1114 314
1054 1201
408 1068
489 1952
1163 586
251 845
1533 815
1972 1312
941 1914
1543 1846
1134 774
400 1472
1666 239
331 1814
898 306
822 1639
93 1590
1669 83
976 1825
775 505
1484 1924
1203 618
487 1703
716 982
156 557
709 392
154 1257
196 88
868 1723
1637 1085
363 726
402 1230
1407 195
798 1926
728 1353
314 1235
663 1366
596 261
79 1725
1658 1597
633 1436
1587 666
1922 1127
590 1237
1979 1899
