1141 1312
1626 534
1583 876
1696 1429
426 1565
1203 1393
79 1135
413 1617
1035 7
771 719
1683 1889
1788 304
627 1782
1565 778
812 956
1340 50
538 1260
672 1407
1820 1781
1125 388
716 1354
1591 990
821 613
957 902
640 500
962 1862
1874 1484
1859 331
597 596
1772 538
808 37
1486 148
683 760
619 1119
731 461
595 1412
1851 39
1860 1566
199 92
1603 1302
798 1177
1151 467
1102 1135
1758 1509
159 1183
422 1588
886 1894
1722 153
1582 902
589 1054
1159 1448
733 735
1502 917
1557 522
439 1481
1443 1989
1325 706
1220 633
615 450
1105 1465
1784 1501
578 1163
1370 1811
1241 458
1599 1233
1836 1874
1364 169
838 1134
756 1151
947 1498
1228 137
887 1214
1264 541
939 1533
1033 1237
42 550
1907 999
1002 1044
912 253
1352 1670
25 1318
1319 124
1200 1685
717 1376
1756 1504
21 1976
1185 70
1833 607
1649 532
1484 320
428 1069
91 1735
297 916
783 1671
721 1790
987 379
1610 406
663 372
523 672
146 198
218 1280
1430 1569
1794 877
952 392
908 1710
1797 513
1236 1261
235 1450
954 222
894 1933
1366 1775
49 1688
644 1345
65 1951
899 83
1196 254
1628 1075
1889 384
133 1631
1939 1891
1785 995
1903 926
1637 16
1038 1686
698 845
1083 744
1880 1522
216 1339
890 856
1003 1795
1186 1732
282 986
1641 968
1014 1454
1903 605
529 952
598 972
865 1765
796 1558
962 139
1546 1884
1947 464
140 834
184 940
886 383
910 1559
849 809
406 1020
1949 609
439 1172
1458 1180
290 1912
559 34
1576 1046
295 1763
700 1337
1624 1813
187 1658
24 1571
1647 565
204 566
1582 714
567 1925
1350 1279
1667 1004
782 1008
1894 1188
606 1558
1275 127
1647 1373
1126 179
1163 788
450 1438
1109 593
1769 1714
287 519
1879 750
698 1006
1595 892
139 1035
1551 981
447 454
1221 257
1298 1934
1393 1458
100 1969
540 1243
1522 1496
136 1515
241 645
1229 1786
813 1684
1917 82
231 1746
1554 1561
443 1818
1092 1747
1638 1285
842 467
756 1174
903 485
271 1514
1250 465
546 1922
504 1797
1099 1054
1868 1476
1505 1500
1080 1618
81 1155
1380 441
1121 788
440 255
1570 1190
697 327
809 1131
95 89
491 20
100 30
1817 54
791 544
1788 1316
45 52
1067 1700
572 1037
355 364
96 1302
1213 701
1387 1419
1113 1917
214 1747
1544 1271
1102 1437
1360 1640
1998 1096
54 92
1480 581
1260 1672
271 1633
152 1217
1105 199
1205 1073
1457 1537
778 534
1690 1037
1974 1546
1988 88
601 1446
327 637
608 592
1472 1373
1218 1540
1668 19
147 1151
1060 443
1223 1845
767 1749
1861 1137
1941 342
527 1657
51 1586
1743 18
1675 1830
1355 748
85 1782
1339 1407
1033 999
505 516
393 670
126 588
455 681
309 1014
1869 1791
1894 1028
1357 910
373 123
352 1955
1944 1365
1125 1122
857 1775
382 1390
1669 1075
606 191
494 1171
1849 1800
1310 50
1437 456
576 194
1780 901
134 124
1836 713
1848 1386
1876 1191
1917 423
899 456
993 1613
1294 1261
971 1413
958 1513
1603 240
