114 1964
115 339
442 1097
1560 274
590 1605
1311 926
618 936
1972 853
219 1487
651 1778
623 1851
421 280
457 1803
592 738
581 1127
1093 1240
274 461
1531 1319
822 651
452 752
1661 1858
1966 875
230 175
19 1093
1519 1485
757 1664
1244 1632
830 840
1761 1874
1625 1688
442 538
1028 1911
403 1076
1536 323
245 1879
51 451
1364 1636
605 225
1750 1273
480 1867
684 1102
151 161
417 862
1251 1487
428 902
6 1503
995 1903
642 1828
24 183
1135 952
720 1193
1656 1557
1955 60
434 596
1938 1191
44 1060
788 546
176 374
1643 1956
1403 1416
881 1815
595 1340
242 797
1404 1080
421 1822
1819 299
1427 521
1943 1450
393 126
779 1080
750 381
1627 115
385 131
1020 1147
416 844
450 1752
907 1517
775 605
1904 337
250 1514
642 1638
331 33
227 813
1879 967
110 1682
1018 429
1907 603
545 1030
886 868
712 413
3 424
684 850
1561 1138
1295 1336
449 1269
1753 278
266 1414
837 1480
854 763
593 1928
165 8
1763 334
1387 9
960 145
1702 1209
1490 631
1724 1401
892 1292
1152 690
1779 1842
752 210
1304 1206
850 1923
1157 156
1528 885
772 1747
1752 1952
1441 1459
1627 141
1865 571
213 1217
1810 83
1155 805
469 1571
169 1859
1912 478
1493 255
1136 1042
91 1289
212 1609
1563 258
1922 112
1347 678
1648 1183
812 1334
1838 1078
1722 755
1018 1484
428 202
1110 1903
235 1245
1116 251
856 1040
908 334
1486 573
590 856
77 201
13 1997
1543 616
299 27
66 140
418 143
1679 1498
621 1165
961 150
890 1910
1726 664
1260 957
1687 1376
1536 1379
769 1129
1541 1871
1019 120
221 1393
1879 766
1579 587
1119 757
1063 1909
1595 1182
621 780
1484 1378
930 1616
1198 1818
1113 586
1269 1580
1398 323
927 1505
1353 623
299 309
1427 438
1757 943
814 96
792 1292
698 1816
633 771
891 61
600 1821
905 1053
1154 1708
391 119
1292 1127
808 1219
1088 1141
398 1162
61 1278
1752 1672
168 179
654 30
400 13
1319 955
562 447
1240 974
707 739
1244 1636
147 1317
1020 1055
1330 1064
480 1358
922 61
1919 828
1305 1723
1071 1982
180 1970
696 508
1559 1672
1904 859
109 1862
1447 334
31 1645
1697 986
58 291
121 1229
320 732
1967 1322
1417 1300
1330 420
263 1631
1518 315
335 1040
1787 205
886 31
1832 1953
1717 551
1634 1136
1358 1224
628 667
688 1141
1997 1584
681 1594
193 654
912 1160
679 1396
1008 1017
1929 213
1276 849
911 1069
1313 928
260 1622
870 1551
376 1521
1053 993
860 787
1426 1542
1235 1016
1219 1957
1948 1544
473 71
1951 224
510 350
228 224
1126 1641
1022 1665
494 937
1207 1654
219 752
491 135
253 1361
1302 1825
162 1832
994 1692
1405 250
1317 1309
1992 904
850 1189
2 425
1984 546
213 81
506 814
1402 409
508 922
10 389
1429 530
694 1699
1177 1667
909 1896
1931 24
640 820
408 881
1480 976
1940 1768
152 1488
1923 21
969 930
687 1678
177 532
340 89
1469 1607
1338 1702
1905 26
1513 116
1352 156
955 780
1542 1428
63 760
233 1711
677 1195
98 1153
1800 174
507 1528
426 1234
906 1963
782 1505
1357 1360
465 740
675 141
905 1578
1515 379
626 904
798 95
185 510
1779 1120
1441 1357
700 328
1455 387
790 1534
366 1360
1784 1655
1043 1150
113 128
361 503
118 836
1349 1568
931 1312
1764 1052
146 1718
1786 1819
1210 712
896 526
1388 1840
241 13
1923 964
670 647
211 613
1497 493
879 1396
641 344
1539 1577
1925 323
1967 1519
1948 571
1343 896
1484 703
595 1626
1622 1571
1845 1405
1010 779
975 1768
806 1044
439 1883
881 1442
1974 1681
1067 1643
742 1504
138 846
953 475
645 1313
284 441
1763 376
1961 446
1980 1373
333 1483
1869 328
185 1213
1630 146
1238 1549
997 1117
1783 1149
1342 1074
77 974
93 1375
951 1674
848 1590
326 821
313 1115
794 1712
943 888
510 397
265 633
203 396
1926 1693
926 1554
718 291
7 1803
1211 1388
1070 192
1486 1713
545 1096
1195 1997
1303 1847
416 356
1382 430
723 277
493 1725
1757 1180
1360 1259
1778 684
778 548
1846 1
1755 1999
1531 947
565 1462
1608 178
1332 1328
1598 1457
269 1110
335 958
1842 1918
1556 1872
1934 1129
798 967
1873 420
657 1617
1181 221
1172 6
1646 448
1902 1006
81 1058
1104 1506
1886 4
740 187
1532 417
329 1120
1810 1824
208 1020
1427 1414
1635 866
795 845
1158 452
1143 1609
980 556
498 1638
851 1775
1257 1729
1670 930
1406 1254
441 662
875 1787
67 1975
1905 1388
155 1137
244 54
1678 1274
1402 1122
405 440
1908 191
217 165
683 679
1630 1432
776 618
24 1973
1271 1640
548 1424
52 1799
1155 162
152 14
340 148
1592 911
235 937
1455 1149
310 1381
886 1689
161 1649
634 1594
79 1617
1425 1276
1360 1048
672 1095
778 971
748 371
1287 1708
1955 227
171 403
1236 738
381 107
1868 885
1169 1700
372 1919
1140 955
210 1213
1060 823
1830 1897
1115 599
1807 1930
1981 1718
426 1659
856 1072
231 825
221 1128
944 158
1359 194
1526 1198
796 793
403 1577
1496 1807
868 24
921 1519
530 1054
1549 1361
4 1086
660 1202
1957 477
1776 1461
1397 981
1564 979
1095 474
1349 1269
882 1392
1631 480
157 1366
374 1080
1948 1567
776 1185
1195 1537
1252 392
706 1416
535 193
294 1690
401 701
992 1670
708 643
33 1504
1927 50
1564 496
88 1419
1918 1342
1405 1549
998 236
1714 854
1864 304
322 288
361 1976
1737 1373
640 1523
1042 912
1707 11
582 1096
249 793
193 1051
563 575
1247 844
1101 73
1669 890
1451 744
1894 1947
1422 1251
1064 395
1967 252
100 737
799 1139
491 984
1367 152
394 571
27 1676
1166 505
1877 1349
97 363
712 315
1176 383
598 1266
1060 1729
1057 1446
1951 1115
192 1819
1480 1064
699 1873
1677 658
1695 788
1957 1642
180 305
914 1223
1986 1587
1734 1806
701 1143
1853 1783
265 1414
1788 872
1533 1625
275 582
232 1074
1724 178
1974 1967
252 567
1113 283
629 234
1273 1466
261 1272
1270 409
154 1911
1039 150
824 1217
