4933 7504
665 8706
8085 8209
4726 8913
4983 7683
9128 6854
3166 8379
6720 2822
4505 4477
8364 7884
2089 6405
5275 3989
3421 589
6013 2235
3838 9418
4336 7517
3324 6063
2664 8903
1917 2041
7557 4655
532 3503
359 7852
5404 6057
7214 3408
4053 8702
8367 1392
9067 595
622 1117
1956 8448
3 9654
5739 2030
8936 443
811 8913
2591 8634
9787 6077
628 1610
9057 9871
5843 4504
1064 7950
923 5383
9731 145
88 9014
350 9881
4584 1909
2984 7911
5356 333
9686 8401
2939 1773
8174 3667
6091 1611
8405 7123
2301 3043
9952 1395
8648 1780
1908 5959
5119 7589
1017 6421
3731 4349
1696 3417
1093 5756
9683 9923
1813 1327
1854 5235
5865 2780
4187 8752
9712 882
563 9465
877 3520
3788 8688
646 1568
494 5296
9333 5947
259 9181
2282 5668
145 8082
3002 2725
3495 9821
3392 5760
3764 5345
8136 3304
6967 9972
5896 6673
8059 6559
8463 5737
5338 4582
2524 819
4346 4476
3219 5627
3427 1936
2873 8319
9625 9735
3838 7907
7907 5128
9304 819
2370 6572
2085 8404
85 1103
1114 2380
9735 9445
2976 6302
5385 952
3652 4353
5043 6717
3375 2339
2984 4735
822 4114
4787 6726
2205 124
2327 3746
222 7073
6902 5376
8896 8839
4446 731
5038 3670
8077 7985
6848 6847
7143 51
1283 2415
8716 5837
4307 5206
4757 9068
8946 1886
7523 9220
4130 2997
2282 1536
9104 6092
9502 9913
6056 8813
9066 9601
1694 969
9430 8003
8692 4697
6362 4306
8397 1158
7159 9754
7588 9712
7584 8359
4272 1695
7379 1639
2276 2811
5437 4585
7523 9935
1506 7174
8296 368
1546 7399
4766 9552
1458 4959
6254 3372
3337 104
5910 1224
9811 6541
8995 3405
1658 832
4951 2454
2716 518
4118 7961
3622 3555
9143 4460
4858 5508
4373 3304
2017 7458
7987 2868
7157 4153
521 7720
5191 9776
1069 3370
6596 8546
9434 821
13 2197
1001 6705
4197 4474
9019 2594
4012 5720
5837 8428
7146 4009
5372 910
9204 4143
2718 9452
1136 5008
3903 3070
3962 8800
4358 2969
6816 858
6870 4476
4495 1590
6465 45
5762 9774
7627 2712
7634 7491
7922 78
6818 9158
1844 1075
1285 7753
1762 1276
9171 39
8018 3868
8230 4465
717 6282
7038 8236
7148 3011
