9534 7885
2943 5378
2305 8802
1891 7541
1575 8526
9841 7174
6039 1203
8557 2263
1099 1050
7215 4438
4948 1619
7449 5436
8991 2139
7710 1749
9654 4765
5865 6548
3818 9652
2501 6308
505 2003
1293 6844
3136 1275
9490 1763
7151 2115
2801 1106
3280 8676
4644 6163
2072 9229
9371 5885
5932 3236
2400 6501
6362 7685
2503 370
3482 7670
3111 8416
619 5297
1671 9037
9083 6414
1315 4092
7535 8490
9868 3738
9650 8399
799 6855
5199 7094
584 8476
1527 5072
3070 8548
2268 8147
105 6257
1710 2710
6893 8085
1162 9446
8391 931
4486 4099
8709 584
5583 2543
4091 7109
9356 1641
9915 4252
2651 1828
642 6832
8248 4650
7786 3063
4147 3906
1584 1918
6715 4101
4786 4263
5341 4156
3306 1871
4347 2046
3988 7395
8500 7519
5340 8252
6149 9456
2635 5720
7496 9300
1152 4611
730 5903
6205 4889
9468 5120
5398 4368
7334 4366
8010 8046
2640 4497
4299 3448
6502 3370
2426 4930
8352 3115
8489 3516
5468 5279
1423 7980
7613 9723
6048 3190
8304 933
9583 1300
1276 9905
9325 4838
7822 5256
5752 2393
229 9010
9711 9253
6237 9937
780 4719
7401 9680
2034 7191
2694 9975
5649 2579
8630 2195
3408 4737
5270 7451
9359 984
407 9003
8585 5723
9431 5482
6655 4864
676 7848
5068 524
2069 2450
1184 3706
1553 8365
900 3352
2901 9274
6478 8215
640 2101
1033 813
7831 719
6273 7731
6363 9445
6532 6746
2396 8591
4840 1650
8486 3621
8964 1040
2986 9674
8106 987
5055 3697
7884 5279
2184 4430
6879 5369
6266 2931
3780 7482
9766 7677
2097 7631
7002 1590
1734 8750
383 1385
185 1839
5585 1900
4142 1454
601 7952
5016 238
558 7992
6829 9378
7765 4451
7245 5182
5605 946
3008 3639
2200 6607
8834 5873
5021 71
5693 8860
8208 8587
365 6905
4760 9580
9961 612
8442 9934
3507 8250
734 9798
2187 1322
9370 7870
5099 3167
6305 9449
7465 3441
3113 6144
3895 238
2711 879
5489 5277
5329 2964
5318 3300
1265 4931
6780 8277
8061 1942
9287 6586
3768 1696
8687 1643
7450 4653
2273 2746
3425 5695
6743 9138
7476 160
5781 1526
814 7147
9817 6668
8546 3177
1625 6970
2171 3215
3325 2878
8865 9257
3827 8423
2112 5437
8125 6310
2083 9504
7800 884
1513 1453
956 9963
3373 2428
6858 2235
409 9310
3869 5024
6050 3154
4084 2956
602 2432
1819 2449
4461 5523
6449 6713
9247 613
1780 7544
9754 5984
7679 6661
7103 1107
7238 8389
9581 9221
5023 2145
2463 6191
4587 8906
3210 2062
7759 932
1309 1088
2737 6496
7517 8277
1061 2427
4094 3513
8734 5864
7519 9419
7204 7719
449 5544
9372 9616
1248 8430
611 8887
2920 9300
7951 5417
6758 7687
479 3497
3079 7207
6580 2198
3478 7121
2644 4213
9865 1330
3915 9800
2908 940
9689 2040
3050 9160
8883 7792
8206 9312
1260 6517
2775 9320
878 3784
4177 7658
5591 756
3056 952
8824 6431
8132 5407
8983 6681
3596 8413
5950 3179
3922 9727
1504 27
1804 7708
2769 6244
459 6015
8042 7547
9329 3986
1356 3421
9335 9399
3644 2451
4093 5967
802 8239
875 7291
7959 3285
2828 9651
2510 6706
2106 8073
8689 7844
2225 6605
153 2539
3829 7162
5237 9862
948 8046
985 7484
9622 7171
4089 7404
1597 5616
7055 8368
6762 5915
7797 1004
3995 6306
822 9581
8937 1672
1866 345
9685 9007
3949 130
