880 612
348 62
809 28
577 400
47 839
478 374
395 123
930 79
834 936
865 439
100 665
342 363
789 848
452 748
132 632
171 696
358 215
631 873
987 522
760 693
717 549
216 191
923 857
67 220
896 220
724 535
163 657
427 521
606 74
937 763
247 906
828 868
40 264
693 304
192 505
403 121
268 418
229 323
519 748
192 902
497 456
593 794
400 898
710 966
790 563
757 320
701 441
972 211
945 932
321 779
358 434
236 552
478 343
849 61
791 877
812 453
420 327
319 146
598 937
567 444
700 69
414 259
145 822
368 293
906 420
146 338
878 420
363 380
496 947
947 903
283 531
439 860
669 8
444 628
618 239
484 933
407 887
178 67
709 436
296 438
253 42
729 721
499 52
766 273
186 93
984 276
527 867
485 888
29 688
369 352
823 53
560 37
531 509
305 507
13 908
651 408
505 542
788 387
858 886
435 971
841 642
247 404
800 410
411 424
771 872
872 228
2 877
79 447
672 185
107 965
703 837
572 302
3 145
850 229
217 58
754 599
0 379
970 534
17 834
904 625
147 928
637 831
303 291
230 336
346 452
550 948
234 559
726 752
999 418
686 888
156 203
149 418
493 922
285 382
397 796
539 620
659 897
708 779
635 880
360 470
620 702
307 714
686 542
883 390
262 150
51 551
26 128
894 92
518 180
195 893
608 458
252 542
962 832
514 949
768 389
647 262
7 825
664 255
361 810
498 534
130 403
425 80
325 446
503 695
287 889
182 885
807 622
424 498
704 338
940 553
795 438
207 14
631 438
853 465
480 207
171 694
709 277
748 661
435 65
61 705
50 493
968 219
741 669
944 741
518 964
146 689
150 660
586 280
847 468
949 927
778 511
451 292
308 336
486 458
334 176
486 956
160 977
442 92
389 866
926 950
271 313
602 872
10 832
65 266
739 565
278 92
395 572
729 837
467 942
20 847
811 975
718 796
633 800
310 936
404 81
681 867
707 83
774 29
25 720
354 418
779 765
861 845
393 72
281 264
356 838
835 399
455 344
547 592
707 841
675 398
360 168
471 439
832 536
456 453
573 665
224 318
600 938
778 214
422 930
893 659
101 69
412 794
461 316
605 80
319 206
392 300
623 356
820 705
298 721
138 185
392 335
699 24
176 643
239 517
265 966
338 567
568 845
947 80
580 398
136 211
300 521
257 509
255 726
507 812
206 101
515 114
838 431
924 501
459 924
702 644
189 501
11 312
698 717
17 82
525 512
997 488
377 541
474 354
463 480
933 425
694 740
981 834
196 243
781 713
208 469
514 258
814 254
781 907
53 445
756 506
495 845
892 326
59 690
960 843
210 722
562 442
645 978
578 390
751 339
78 940
172 874
784 594
551 137
222 749
481 419
881 814
52 254
888 604
770 694
542 428
870 165
358 258
554 20
155 347
0 704
312 476
707 385
716 906
845 79
771 398
907 782
100 201
528 215
487 136
713 627
670 257
127 444
226 52
942 787
958 728
844 302
591 57
333 761
505 342
463 88
520 160
468 871
133 503
580 682
14 819
252 80
723 10
537 101
311 153
113 689
401 284
655 195
264 300
876 455
366 397
788 497
487 132
153 747
739 341
292 330
681 981
706 614
680 187
990 471
53 325
669 375
444 236
364 681
3 234
796 709
676 544
430 767
271 856
899 196
191 486
807 905
573 52
507 532
538 758
83 401
884 753
504 921
426 592
998 529
163 770
900 949
739 309
899 702
711 811
549 79
484 202
172 210
980 592
119 197
111 607
755 391
121 301
828 983
563 437
573 406
523 638
642 140
918 368
352 91
982 12
776 564
909 139
531 956
130 822
110 95
810 731
98 548
219 391
943 202
39 450
57 780
714 181
511 237
742 937
66 39
310 952
216 442
652 961
691 428
598 571
592 269
739 709
346 970
520 1
302 892
388 817
304 666
960 845
243 597
627 442
733 41
928 138
329 353
768 931
692 730
221 317
479 440
317 685
292 862
718 467
481 91
991 944
221 565
997 169
630 451
454 883
412 467
33 486
243 718
59 874
607 653
961 353
927 770
713 138
494 214
437 267
663 690
350 222
390 17
840 999
962 500
631 430
413 180
275 545
654 319
350 468
913 573
470 878
0 57
435 257
664 306
186 419
896 744
682 714
984 26
214 232
495 929
194 773
84 64
447 785
680 70
975 777
341 746
462 211
776 344
530 284
468 56
147 396
687 293
679 144
353 921
135 131
46 137
746 210
723 189
987 431
281 830
232 959
239 560
474 527
204 917
492 548
422 84
84 649
236 641
621 44
154 335
961 997
761 306
691 666
838 893
175 834
627 438
72 457
420 497
106 235
305 452
641 151
854 882
67 66
872 65
838 927
518 774
620 382
809 56
342 257
988 411
426 264
550 217
584 128
871 933
134 785
161 819
463 769
338 70
592 27
630 260
931 229
341 878
977 130
785 794
534 535
451 75
922 164
583 234
275 301
571 991
245 90
420 834
612 215
245 519
674 195
300 505
513 744
493 458
289 679
342 239
480 375
762 496
914 863
80 206
139 463
785 117
980 487
52 906
858 758
42 248
803 116
399 590
349 775
469 46
995 118
905 914
208 308
385 977
966 429
464 801
521 0
757 622
702 235
475 85
776 458
874 866
207 542
83 920
42 514
79 595
498 734
758 73
21 550
93 271
384 860
753 843
920 848
167 327
988 401
410 717
259 774
141 823
51 27
