1543 379
230 1497
1739 1245
968 1339
1514 903
623 982
428 1108
1701 579
967 1121
1090 1705
799 101
1603 1047
1889 626
972 1911
676 971
731 655
1584 1258
801 931
1203 123
1789 948
733 1492
547 345
416 453
403 713
1184 1005
144 613
301 418
282 307
1312 174
789 1229
1258 1615
1347 1108
1545 1648
1767 172
518 1475
345 547
287 1241
749 1647
1584 1099
1436 687
681 1028
801 645
1196 1716
4 112
461 664
1671 897
387 1956
1334 258
1936 581
1664 1873
590 825
1125 1133
1340 155
1359 1715
1816 1428
1832 860
1661 1671
1544 879
712 1314
562 1421
814 156
340 249
215 1850
1444 923
1646 1578
1559 30
1095 1228
168 52
1021 1775
1195 217
968 634
537 1384
740 1854
920 1185
513 1693
619 1835
8 18
606 883
92 1172
1015 692
364 1223
299 1180
1000 106
803 1572
1913 1979
1259 1927
1702 417
1002 986
239 1653
1606 323
1872 1911
113 50
858 1839
1168 172
482 1724
1444 1421
1518 1603
1802 1121
1869 1009
491 639
655 1594
1239 1465
1783 1021
1569 1408
324 1274
1499 1538
1509 1821
985 1608
39 699
96 362
1846 1068
891 1678
610 454
1584 597
1053 1357
830 1800
307 94
396 223
630 576
418 463
38 231
820 1161
1712 1179
908 1636
1803 273
160 399
1251 1423
512 1978
897 1684
792 1910
740 424
1036 1322
13 362
1096 705
30 1376
91 533
923 1545
718 1525
469 1236
336 223
821 1501
964 476
407 1040
779 1680
1366 1808
1260 1667
1681 1610
772 75
1161 31
1919 94
1524 783
1469 1292
1351 1569
1234 19
188 1013
1115 1182
1830 636
1488 1863
1809 1941
743 313
1488 964
1829 703
1618 1639
908 582
523 568
931 235
540 417
1696 1977
1579 976
650 510
628 1684
984 1639
835 1246
821 1992
456 1713
1362 1767
943 1312
1793 1928
1143 10
504 1471
1818 1910
21 1695
799 833
191 1788
892 1226
1755 1147
1287 387
1935 1031
1331 1402
1018 269
515 1433
185 1742
1235 1878
959 704
307 594
1030 436
1665 1344
787 1855
1536 229
265 1170
1616 802
1399 1093
154 855
1925 109
459 1714
219 583
411 1247
759 1233
1361 1646
1541 1451
1262 472
1706 1536
349 1106
1636 202
1021 397
824 1671
1673 82
540 651
1965 1290
1097 1139
948 324
1422 1812
1002 282
394 897
1319 1695
1190 1043
424 1567
220 989
689 130
1418 42
1682 38
696 1003
1095 947
884 1157
1322 1166
449 351
1384 441
894 330
1903 25
1493 1588
1859 1743
154 964
1039 1959
718 863
397 128
1531 1922
736 1776
27 1929
508 397
480 176
1730 380
902 1678
590 1112
38 1164
618 169
1704 1490
853 1175
1031 155
1417 1278
1111 118
1954 58
29 999
1091 1709
1742 1797
941 289
835 624
335 1211
738 645
435 570
1275 749
260 1278
1560 216
1345 924
1452 646
1999 1163
923 1868
1797 1505
663 1578
1769 768
224 923
164 948
682 1551
1183 1776
1829 1308
831 958
52 37
1515 668
598 1967
638 1761
366 1072
1856 1400
1089 1278
1231 294
169 1524
754 1819
525 1510
1409 543
1612 1791
1210 954
1888 1072
491 950
1768 1426
34 1369
1403 284
508 653
228 670
245 1877
612 1938
281 1337
545 360
737 523
1621 1657
1704 1036
754 907
784 10
166 1796
1046 1006
136 233
271 26
1341 124
1991 577
1297 1995
1207 863
1171 1542
739 413
961 1275
1674 1960
427 1449
797 510
215 214
1898 679
706 1668
291 1259
921 474
566 1874
1886 356
1441 466
1548 959
1623 1983
1251 1366
715 1709
1576 909
1487 1305
609 1914
1574 1967
1311 287
1829 1387
1579 851
1592 590
812 1448
292 1212
107 87
1777 1898
682 899
397 1199
777 119
967 1842
1116 256
11 1651
898 1181
1693 1201
1483 9
258 1136
1791 1294
211 1193
563 132
890 1570
219 1284
203 1119
1291 1197
1853 494
74 1763
1308 127
44 1392
1331 1613
1254 287
851 1271
577 872
1615 1494
1844 1980
1344 1292
614 1344
429 922
56 319
258 1281
700 1500
179 733
1620 670
371 849
1419 948
124 1955
1714 1219
500 1585
440 714
440 1916
942 1691
824 571
351 251
1498 835
442 1551
1571 1574
1168 1653
160 2
1158 1650
1242 1386
1649 1752
1344 167
1354 140
973 1818
1335 1562
326 1948
313 238
302 221
457 1207
183 329
139 876
1119 1322
1397 580
399 263
786 1306
1768 909
573 1531
296 1457
1378 964
1061 1149
1063 1035
621 194
459 246
1007 1192
1758 1373
238 831
1107 1881
1808 1783
349 185
1893 1632
620 1019
1175 167
1499 456
1042 1134
244 1458
937 59
951 1106
1934 1991
850 1540
1083 1424
1626 1237
1219 1539
962 511
595 733
128 891
1151 1725
1261 191
817 547
981 1391
1207 744
393 348
1404 1189
852 1968
1362 1990
32 879
1146 158
1927 1541
940 1824
1805 1865
682 1609
1876 1618
524 1878
1592 110
199 518
234 347
1881 1929
1716 1345
794 1605
723 896
1970 1412
63 604
814 32
1799 1232
1080 1392
1498 1432
414 320
577 80
676 1810
148 297
6 1444
1010 1214
552 1496
841 683
641 1554
1517 1732
639 565
718 819
1196 158
916 922
22 417
1682 669
645 383
1372 651
818 1809
51 1359
1628 990
1372 1096
1286 1132
582 1294
329 1056
942 1607
986 930
1244 1100
1584 209
750 98
1985 340
786 1119
1393 1471
1387 1447
1052 1102
396 1136
435 697
131 176
1478 388
611 1025
1395 1076
1488 1853
41 1864
1837 202
40 1096
409 1394
363 1969
1012 326
14 743
1417 609
1466 1374
1295 1262
1265 1466
1391 1546
746 1604
1741 514
1892 124
1440 1658
556 1243
1173 1176
459 453
1424 1663
1842 1801
111 1418
206 1361
1586 189
763 451
294 95
1574 744
348 1368
1277 205
815 1734
597 1273
292 650
1184 1579
0 1270
160 212
46 1253
882 1093
600 700
1618 799
1648 1366
520 553
1170 1751
606 411
1240 700
380 295
1011 1595
717 1743
1440 1769
1059 671
71 537
641 598
673 1375
1071 164
462 628
847 674
1484 227
416 1520
1725 1371
633 1062
1489 1339
244 1880
1490 163
610 1954
1779 149
687 194
43 1643
292 593
1760 1187
1735 117
96 403
1676 292
363 1988
590 1687
1825 640
283 1661
1608 1446
1890 1108
1333 188
