1053 8523
6456 356
792 4356
7137 5110
6798 1155
7180 6096
1738 412
6721 9152
66 369
4910 4889
7891 4812
276 7975
6193 5104
9182 1692
6994 551
7190 1931
3083 8042
2851 1777
9766 5103
7548 3199
9058 8948
8357 7131
7240 681
4572 3968
7362 4146
8165 166
2611 1251
9445 1494
5288 300
3113 484
4347 7392
97 3406
1830 7922
5664 5544
6765 7013
7399 6182
5506 5992
7290 3637
6158 3767
4097 3819
3766 3600
6505 9149
9948 5
5271 8488
8393 9889
6537 5274
5916 7013
660 2897
5087 1745
9575 1286
1413 351
2628 6245
9346 8263
5422 7281
6261 5888
841 7361
1676 5055
9556 7581
1574 2121
3174 1849
120 4586
3397 3121
9546 4596
892 5746
7707 7095
4632 5142
1164 9200
1121 1490
5845 2312
9858 8314
8192 4308
2271 9278
6538 2958
5496 47
2759 1996
5776 5508
8037 4411
7063 6049
2175 5904
6204 7331
8671 1069
953 1860
898 9536
7595 7231
2688 2559
8498 9568
1487 6905
8156 7503
5502 4903
7570 5548
293 6170
8882 6898
3518 695
9677 5505
5409 601
4491 8445
3923 3853
6467 2461
4411 5933
9153 3648
9170 8815
7046 1487
3218 510
3749 1461
6301 6168
1687 765
4672 2330
8316 5818
7570 7534
6433 4860
5342 6536
3563 1627
4240 1806
821 2
9830 8860
9320 9429
6314 3584
2042 3929
3231 5140
2738 2971
5203 8716
2955 6084
430 6256
453 3129
2646 6429
3121 1987
1491 6811
3884 4701
129 7918
1403 318
1908 948
8080 5440
1281 405
5163 2409
9995 80
8402 1704
7990 9903
4374 6419
3112 7994
9120 2601
8642 8847
1196 3720
225 9073
1498 4584
5830 3140
7334 69
4264 5137
9256 9799
7698 5087
8092 9721
6003 2712
9552 328
8431 7393
6057 956
9087 7154
5361 7224
7744 2301
8624 6746
8351 5811
3274 9045
6536 5607
6852 7566
9045 2597
9399 861
1031 8728
8575 3445
3535 5463
949 50
5096 34
7725 7493
2789 8472
69 4016
4829 2776
4917 5932
1362 883
2872 7985
1379 2338
1552 8262
6104 9796
4738 2001
3704 3378
3485 1973
8148 6934
5978 1571
2429 5544
887 5717
9382 5944
8605 1672
8695 3439
3121 4037
9136 1277
6772 7269
1588 1463
3945 4298
9151 2930
8587 531
4284 2502
8712 1610
6964 6371
4578 4648
5632 2732
2514 18
9578 5348
8301 4785
8210 8018
2981 6068
762 8989
6609 8732
2714 1475
8666 7219
5057 78
4909 8181
4283 4625
2664 4718
3594 4259
2512 4477
3337 6122
535 1829
66 5032
7988 1284
8489 192
2695 5063
5657 671
2807 3587
3040 1721
1786 82
2388 5771
4772 3589
7456 8173
2021 7374
5830 6196
377 2109
8828 6891
2758 3063
6621 7980
9037 5691
2733 2905
9844 8659
3216 6811
6756 9618
4390 1181
5677 5567
6258 3560
3711 5651
9625 4338
9976 7087
5487 3590
6116 1012
1599 7121
4082 7927
6740 8634
43 2015
6394 4566
7455 3575
3560 7262
2421 9069
3814 3943
6067 279
6374 1071
7140 4894
8558 708
6115 4851
2675 8572
8997 2242
7920 4866
6059 9977
5361 1051
6778 6207
6198 3269
3492 1180
671 1103
1896 8454
9170 9831
9401 9734
5265 5231
5387 2665
7402 6191
6701 7051
2127 375
1990 7487
3870 1305
4230 8356
641 8847
4770 8
1399 602
8309 4437
3255 7254
3523 5306
4234 9725
7885 8317
7444 6971
2192 3985
2380 3919
2325 4832
3196 4269
5919 177
2363 4772
832 1964
9169 3837
1190 1532
6887 444
7376 4070
7136 4360
2322 5997
1654 8721
2956 3245
7797 9796
9561 7530
4590 1260
8363 6567
4284 4122
5369 4796
7559 9364
9026 3583
2759 597
2149 3398
8528 2421
3737 9699
3903 4856
2469 4847
943 7289
9560 4359
8972 8783
809 8418
9431 9728
3815 2128
8658 7383
8702 7966
559 9137
9520 2862
9059 4424
4619 6163
1986 9088
4922 6216
5853 4382
7820 2707
3323 9324
1974 2650
1476 5476
3324 5155
9569 1117
9102 5638
4341 8666
8380 8497
5509 9955
8270 3159
9663 9528
8450 6868
8109 6802
8911 8510
2839 5566
9518 9567
3601 181
5777 4020
2436 5311
4990 3909
2016 7675
9089 5333
5139 5134
1120 2019
2430 8783
9071 4459
290 3662
6036 6527
2424 2439
5630 9399
3639 761
3307 3446
6138 936
7345 3578
9145 4527
7621 5328
9411 6234
7058 9876
9673 9286
102 9180
5348 3933
8756 3168
3396 6036
3144 8158
6682 3198
6605 6323
4316 7513
2635 5068
7470 6431
7952 6713
2296 5287
9796 8696
4993 5356
4554 1774
7615 2937
3781 3587
8048 2870
3912 2222
1916 9121
446 5931
2050 6708
3035 3713
4923 2825
6023 930
7924 5223
2203 5609
1096 5530
3798 9179
1490 9340
8278 9710
744 1423
9016 6164
3283 887
601 3760
8714 7672
7236 8057
6085 2141
981 5184
2487 6222
723 6943
667 1680
5488 7431
302 4845
1768 4659
4378 9788
1727 2527
6044 1018
8241 2372
1624 5610
2990 2150
5586 51
4329 276
5969 3076
5349 341
7949 5365
505 95
5351 987
6821 932
3090 1247
2255 490
3535 8721
9007 2983
9664 2745
3961 7891
3134 2745
7069 5029
2346 2710
1407 8661
6539 6284
5086 5903
964 424
1952 9191
7011 7866
5522 3072
8 7678
105 565
9282 9616
7808 1480
1366 2006
2266 2585
8547 4753
1909 6830
9038 7019
2145 5223
7253 2603
221 980
1173 505
6260 822
1303 6607
8990 9320
3690 4963
4906 8362
869 1782
1923 5695
9034 4097
8283 5917
6719 754
8077 4002
9987 788
4588 1649
2903 7357
8061 9945
640 4628
3516 2044
79 7253
4319 2731
1221 5976
5480 9073
2262 2355
334 9315
7722 989
393 6137
4733 6348
7428 9109
4165 2688
6157 9690
2316 1866
6352 4991
423 657
1996 7138
8349 9644
3348 5834
3528 9394
1799 5873
