21 930
460 190
526 747
685 292
713 367
751 967
538 409
400 61
637 757
220 68
842 771
412 747
567 213
978 214
991 748
131 899
332 194
494 9
911 261
203 668
865 510
717 826
783 400
12 221
652 437
939 243
813 270
765 98
573 671
753 820
988 228
163 974
483 225
237 157
322 116
181 521
583 439
441 277
171 916
365 462
681 793
712 34
983 277
829 414
519 304
773 225
173 673
401 476
944 507
314 690
591 990
40 48
894 714
403 110
324 13
774 212
39 112
843 872
579 251
47 788
666 116
429 443
816 623
549 860
603 124
907 670
76 406
736 787
99 571
111 865
261 452
528 874
507 867
529 370
934 169
354 745
208 880
633 524
94 251
48 258
81 849
640 919
760 849
126 49
444 989
63 772
442 159
783 627
251 490
366 471
806 514
428 545
649 832
605 486
157 69
808 962
613 754
687 997
853 785
243 823
343 777
133 988
779 818
481 559
668 141
548 881
147 965
8 713
580 105
660 707
374 411
895 253
907 591
973 233
275 183
105 875
708 952
388 943
653 121
97 969
422 628
835 388
434 469
64 456
530 425
661 616
192 894
112 525
23 332
587 324
79 56
756 430
782 480
303 660
281 660
842 624
595 788
285 451
310 391
518 730
470 243
986 668
323 523
697 287
183 290
126 54
694 180
555 490
859 575
431 441
911 166
142 598
442 35
237 155
496 594
515 318
86 190
896 679
660 770
485 487
549 247
266 115
900 235
691 955
747 274
33 381
850 244
79 632
398 2
962 474
371 727
655 635
231 879
247 786
976 100
302 526
22 689
127 246
586 823
796 749
991 107
714 677
150 337
910 139
762 706
920 149
794 595
854 862
490 352
359 661
60 268
929 13
940 978
142 459
648 584
385 339
801 681
384 325
624 41
383 439
403 640
862 461
385 741
325 851
552 177
135 136
265 60
662 822
947 923
617 820
543 398
448 491
690 700
779 429
66 550
929 526
875 273
593 645
536 46
836 798
776 363
70 915
843 916
932 640
655 36
111 66
22 16
277 225
197 700
770 217
432 373
714 471
248 17
745 107
265 370
572 823
497 293
712 188
50 885
250 425
678 172
924 682
484 111
991 798
965 235
178 846
290 568
862 728
30 988
328 564
880 792
920 810
326 273
33 872
127 696
860 603
770 573
284 585
46 821
873 84
265 998
556 530
973 469
113 327
420 286
519 523
898 895
65 407
833 367
992 534
962 398
78 332
323 287
663 251
789 254
733 163
670 575
312 629
767 157
172 776
377 828
679 248
10 544
645 756
451 420
850 518
860 918
284 569
83 914
237 611
109 411
842 117
111 8
16 364
416 736
518 473
108 276
507 710
606 376
539 452
