1021 165
4278 1936
2099 3247
1748 4812
746 1419
1838 737
1969 522
4103 2302
263 3469
3422 3539
1983 450
4361 2554
3503 3740
4644 4408
2434 940
3462 490
4682 948
3191 339
1125 1488
3316 4842
3189 823
4638 108
1608 1078
1621 1346
4678 1412
4548 1628
3843 4328
4295 4276
2264 2888
4266 153
3778 779
4826 3943
1065 3813
4279 3225
3494 170
133 3147
1788 3486
1045 1759
351 3754
4681 2464
1800 18
4339 2488
888 850
4009 4188
3432 1222
3113 521
3434 3493
4521 2920
4983 1792
1415 1443
4419 2763
2573 2909
1542 2814
4290 3893
4137 2263
1677 3764
339 226
1958 520
3485 3773
406 764
1012 1687
2481 1929
4361 1861
3506 3671
1596 1582
1382 1463
2538 4172
940 3575
3239 1016
2110 416
1576 1774
2778 3006
1982 3381
1099 118
1093 3619
404 1154
2414 223
2482 3659
4407 2213
819 847
1773 3934
498 1836
2025 2226
637 3510
3096 4759
21 479
2138 1549
3259 4418
3366 1124
4507 3168
4386 4537
568 2856
3607 3359
685 1408
1470 2624
1249 2043
3817 3459
55 2504
2262 420
4413 3400
4579 2123
138 4024
3335 2215
4292 3994
3737 2018
185 4836
2767 2287
1105 4163
2943 3448
3880 2719
3390 3730
1447 2847
659 1218
3271 3138
3711 646
4055 4877
2899 2252
1565 3987
3619 2228
2404 1958
4636 3867
3364 417
4937 28
2278 3212
1360 154
3335 4503
1853 1634
1738 1186
4580 1098
2503 781
2503 4519
2416 4636
1599 2568
3295 2681
165 4007
4819 1943
1697 727
1062 3992
3909 4024
1456 2167
4969 4233
3637 4018
3969 2705
602 1737
2419 4315
2699 921
982 4264
712 2267
4132 91
847 3805
3721 3223
2056 1291
2745 343
626 4560
981 937
347 1266
4806 972
2002 3721
3006 1291
4307 873
1359 1535
1119 4781
825 844
3154 3950
4811 2669
880 2320
2119 1163
2137 1970
4649 4717
1168 4436
3209 4182
3758 200
3897 1795
1929 3604
1255 2243
120 2382
608 3621
152 1915
293 999
4975 3197
2615 4460
306 2346
2082 573
930 4638
2788 4581
3219 1839
4787 4633
2014 4644
449 13
1898 4603
1931 4020
1152 3694
3217 4937
3065 3099
3956 1117
4959 1033
3686 2698
3728 4206
4647 1392
3884 2651
923 1395
3206 4942
3465 4731
3638 2386
4111 2485
2429 356
2304 2654
3151 1314
596 3737
2237 2900
4316 988
1006 2305
1218 2755
3506 3605
1289 170
2010 4263
4741 3896
3842 3790
1938 835
2294 156
4385 426
1063 667
1461 2530
3605 369
1935 3669
2742 4561
1916 1902
4482 2676
4348 4602
3775 4093
3499 3236
3631 719
3077 1172
3640 3067
3969 4406
3661 782
4435 4621
4336 4311
1146 1223
1996 2700
3480 1215
822 1266
3315 368
1053 2254
4617 4352
1123 4421
1357 4740
4200 3697
1310 3848
4098 1290
3599 4509
3206 707
3344 1555
1893 2155
2419 2146
3443 2098
435 3646
1438 2966
3812 2275
3447 2428
2327 4597
3640 4742
2278 4766
1154 1973
4904 3615
4871 1491
2936 1424
4122 4912
4429 655
3226 2188
3657 168
2587 3321
2794 3004
1366 2593
2982 3786
1383 4868
4802 168
174 2563
4662 933
2966 828
801 1501
2813 4225
3635 3909
879 1554
1203 3959
4462 1362
4527 798
3911 2667
1912 3715
458 4425
1949 171
2960 2808
283 3724
4072 1695
2071 3796
449 1943
4484 4322
3097 376
1117 55
3642 3515
2412 1828
2762 3782
4536 1990
3848 1741
3186 1558
4462 1725
2958 2960
316 24
3210 3124
2304 3251
2295 2510
4494 4581
2342 3256
3673 4460
3624 2414
3083 4432
861 839
1841 3941
1722 1916
4536 3341
289 1115
716 1157
808 3301
1998 2491
4841 3026
3531 144
4906 275
666 3730
1356 735
4542 1519
1900 3413
3986 256
3679 2769
1983 1176
1828 4462
4744 833
2851 2917
457 3689
1261 2646
3396 2452
3612 2260
4319 3956
1139 4398
107 2566
3003 82
3963 4904
1751 2988
483 4381
3882 2220
2944 2627
2549 2520
4163 2550
4149 4156
731 1059
2623 4650
1055 1166
1142 2511
2432 3836
2504 3186
2476 1756
3103 3877
1648 3555
2520 4127
2330 1937
473 4535
4414 1889
859 631
3785 4594
1462 522
45 4540
2965 1379
1298 2327
2114 1485
86 4834
4087 1639
2811 4602
1494 1272
40 4472
4521 956
2408 3386
2270 886
2628 4559
1384 2768
2030 3094
361 901
551 3020
4125 4400
108 860
4226 4812
1813 4600
724 3111
1692 3820
4599 904
1143 388
15 2837
2362 3578
2804 117
171 3889
4707 2640
1246 2955
