598 854
82 413
396 316
644 5
802 913
508 793
404 340
255 722
140 226
207 860
798 102
633 36
207 450
678 114
864 912
99 666
672 540
279 523
399 273
992 583
550 53
68 425
759 459
415 243
622 868
122 472
466 525
374 655
52 200
338 486
848 26
183 23
915 39
560 922
672 925
2 476
188 742
920 296
837 722
365 425
208 483
511 302
859 348
218 380
501 150
730 589
545 328
59 342
500 845
605 299
993 304
784 735
299 473
541 577
227 159
206 120
666 204
55 31
667 907
496 291
106 610
568 124
700 306
825 962
38 431
920 322
550 123
510 929
235 587
209 187
297 896
302 742
151 929
153 988
917 204
13 928
589 867
19 859
716 971
2 978
202 206
525 328
491 683
483 63
723 628
740 911
771 650
993 811
450 433
459 69
838 771
126 780
334 428
315 945
187 115
217 702
376 200
175 253
215 928
708 660
746 913
193 62
518 497
894 708
463 228
612 887
559 222
805 245
352 830
255 307
193 470
700 206
442 261
490 763
765 99
421 217
591 861
500 985
140 77
261 324
962 190
234 278
276 950
895 75
194 907
902 1
575 31
910 755
251 154
664 8
709 519
504 692
53 40
977 818
637 561
12 266
217 679
2 838
530 353
725 864
415 184
481 855
230 82
389 180
847 734
481 512
275 843
390 263
908 419
30 118
111 666
39 722
693 892
162 69
583 112
10 186
236 234
25 990
231 275
421 988
411 947
668 651
548 942
407 466
548 683
730 894
16 856
983 576
286 970
381 906
342 952
643 945
583 247
247 962
6 359
323 34
353 469
617 775
338 279
429 765
151 72
395 943
685 644
985 809
480 795
525 270
667 360
454 32
574 852
603 804
758 553
994 41
246 34
372 340
933 91
631 616
882 312
431 389
171 11
853 514
888 395
789 723
60 439
454 192
885 32
641 694
205 920
832 788
817 176
330 286
159 170
310 29
593 498
137 625
565 23
135 644
514 197
835 693
740 521
72 134
981 16
38 216
93 383
289 917
531 11
724 728
848 391
405 671
900 868
824 889
46 597
136 206
758 727
767 759
757 719
448 781
189 437
241 34
491 580
350 337
570 106
147 80
723 180
15 438
464 322
167 999
576 455
936 66
156 74
482 67
566 619
898 522
602 572
370 528
962 29
879 357
238 216
721 988
169 830
645 882
220 807
167 930
779 715
753 397
18 588
962 85
794 249
895 743
350 338
492 58
374 418
80 288
309 59
303 285
833 65
487 425
946 363
826 532
355 129
647 402
989 45
905 147
793 360
790 886
940 675
120 787
525 995
259 658
809 747
204 882
516 235
71 171
445 756
760 735
714 434
108 491
738 188
863 410
749 307
662 236
