1382 8572
2530 1701
7211 3515
1110 2860
2380 2080
2085 3313
981 699
2442 6637
1933 3697
7328 8571
1350 5142
6818 8581
7117 3541
8547 3878
4517 914
2522 7324
1814 4410
6684 8328
6944 6791
3623 3747
3354 1873
1629 6562
9434 2411
5584 982
2069 5805
365 9592
4599 1522
9503 6512
8107 5527
1120 7258
5924 8574
8490 9633
2440 9469
1671 1763
5683 2572
6038 8328
5838 3710
2337 5887
6693 5310
4216 5539
5076 856
3335 6412
7210 5747
5784 2260
8619 838
5562 9368
4303 385
1924 1842
7982 3461
7689 3573
3180 4855
9934 140
8579 3858
4905 3296
6083 2303
7039 7656
5423 1627
7656 5002
9838 9317
1718 3841
1109 5882
3929 8876
2230 7761
8290 3510
3579 688
4031 1366
2792 1487
3072 8283
2147 4909
4346 618
4923 222
1851 4762
715 8144
9346 2738
4635 5326
8472 8156
7535 6485
8195 1197
5782 4124
6938 2424
6491 2467
9858 7852
2183 1859
3483 7603
6331 8866
8744 7319
7034 1708
437 9841
3915 5612
6312 6285
3682 1298
1836 9809
6816 6837
3303 2160
9231 182
3379 2580
712 6964
3454 7426
4636 4854
8357 247
