104 338
1050 686
242 1383
244 825
724 971
88 183
181 450
258 1397
1458 545
423 1940
680 558
1947 479
1680 952
1853 1509
1323 646
1616 1645
1385 1504
470 280
1190 1778
945 992
1931 1506
1047 15
323 329
1523 282
808 32
570 1024
1255 1782
1723 725
631 1634
1069 1204
1939 76
351 627
1455 136
618 140
1741 1022
884 1543
129 1527
260 448
148 492
355 1641
1491 1244
900 1884
18 393
1327 17
1133 1048
1279 1524
1982 1863
248 103
498 420
1928 34
530 123
1322 384
240 1604
1508 58
1808 1029
1427 705
1009 1631
1552 1332
635 1855
674 1599
1690 1739
1216 1886
1927 1102
992 1204
479 311
1362 1641
1894 1592
1491 991
1461 953
30 1376
32 1853
456 492
1885 1560
757 1824
1506 861
621 1526
35 1700
846 1098
1353 129
1919 1103
1284 596
1844 1972
81 1046
127 1909
1840 897
423 833
1864 1920
1658 1243
899 445
1722 1659
1600 459
1668 1278
963 262
770 1651
1661 1240
1269 241
689 417
1917 1164
758 1534
465 695
1382 1053
513 297
932 124
926 629
1209 1090
1150 1096
1705 1302
728 693
1385 991
732 717
1133 1573
1644 1194
1284 1887
637 1758
529 881
1625 730
676 204
302 1311
21 1808
1657 1742
148 1969
628 647
1818 348
1702 788
939 1056
1524 1208
1953 1542
1958 1190
1550 772
1059 1476
21 102
1032 829
402 251
811 1860
863 0
523 1482
1120 864
662 1381
1335 180
1909 1779
782 537
1794 1446
999 397
1004 1919
1904 1502
1267 1202
499 1202
1411 1955
1898 1661
724 1811
199 282
1657 905
248 257
975 1920
1045 570
883 1183
1091 1496
1515 846
108 601
1771 516
841 1268
225 1623
1651 877
22 752
1963 264
1490 1911
400 1485
1391 321
1126 1030
553 170
1122 82
1152 729
57 1705
903 676
1630 293
1279 1964
611 284
25 956
1073 74
1082 1377
1085 209
1731 1690
75 1611
1688 1942
747 1059
1245 161
1521 1454
610 133
1269 1235
563 1421
292 307
1410 604
186 395
1284 1288
785 1060
726 225
133 985
1910 1792
120 676
772 1174
