910 590
1 707
54 909
186 1098
1839 1893
526 543
896 1297
465 710
1631 107
1254 1029
1799 1759
795 1871
1059 357
1489 1799
10 397
1008 105
915 746
1323 860
1093 1389
592 1959
1537 660
365 1993
431 1602
1190 159
1365 92
1728 92
1117 765
1422 51
1942 1533
1533 109
1458 1080
1167 1432
21 107
1672 1947
256 1473
1244 802
1590 1434
1852 147
1456 1950
1660 1940
575 732
551 1898
1908 1764
1193 659
1944 92
628 1669
399 476
783 1259
759 821
1930 599
10 974
1247 173
1550 3
59 287
73 255
125 1510
1699 550
1605 1009
1510 504
731 1341
747 1904
1995 1301
710 1066
1527 1443
655 1562
1772 425
1529 1792
154 468
1776 1761
381 1776
500 293
1579 1127
242 645
325 1515
387 86
147 1106
91 462
682 683
279 1957
470 120
1314 1256
127 1538
1461 136
786 1695
55 1424
1045 1458
1484 906
1432 960
1578 776
1451 609
1397 1873
930 906
1231 704
1533 806
1512 666
943 799
701 168
154 1927
470 444
201 1406
409 1629
1490 559
951 918
1892 288
1275 93
91 165
1244 207
1836 1995
1549 1639
622 1146
1622 814
996 11
436 489
617 1849
1718 1434
828 1266
634 104
1110 1592
1630 31
441 917
947 438
91 1256
253 1667
1573 145
1441 1686
1836 732
161 1503
985 710
1234 1526
615 1105
1775 476
401 627
1651 1652
1881 239
1572 299
1287 1931
601 269
1477 1221
1740 287
839 1912
399 1815
447 285
84 668
426 1510
404 295
1004 1034
375 1339
1029 1395
1992 740
728 27
1725 1130
1320 682
1668 1119
1101 1253
1584 570
1163 1889
1141 1752
1886 1608
1116 965
704 273
1454 1616
382 1100
573 945
122 1754
1412 1743
424 70
1588 674
315 1931
1923 89
1691 873
316 1350
1710 304
287 1282
40 518
1245 1065
554 821
813 1892
917 1608
1409 1376
1458 73
1981 396
981 69
378 834
1355 135
544 1894
554 1868
141 811
1574 50
1885 1240
1507 372
1438 1977
1898 115
232 1227
293 1371
588 335
603 1878
1743 592
877 1045
113 907
1999 259
123 1647
47 1672
1066 775
213 625
1673 1102
565 1107
662 1843
1503 1697
1455 1938
1480 1909
1304 689
1567 397
1381 314
1162 1726
1713 750
1861 534
213 735
1884 543
320 1393
342 27
1983 1349
914 1864
485 393
59 266
789 148
1215 10
1823 773
1747 1115
164 1747
1510 1966
1774 666
935 60
1687 1474
1143 252
1104 1501
329 96
1481 109
463 552
105 1243
319 1567
250 137
678 834
877 1665
1194 746
1805 1452
397 1263
1785 1925
1134 1775
1947 1903
777 1595
177 276
888 467
481 33
1635 550
988 1037
1256 698
165 476
1140 757
750 681
1688 517
246 1469
1606 1882
307 871
258 1883
297 884
596 458
833 762
1048 1865
769 1238
659 502
479 505
1334 710
593 161
954 804
503 336
1595 857
370 1927
1897 1075
1290 133
168 852
162 414
1282 167
752 200
990 181
1390 1177
1210 631
1463 291
1201 1250
449 739
1005 1582
352 56
797 1927
532 70
1394 854
1598 1958
406 1098
400 851
1702 1904
1968 1661
130 594
1142 242
1603 1246
1120 754
274 1772
426 420
1722 1611
1198 399
1314 1452
1724 1324
1654 1952
1972 147
1502 1224
1785 1470
1443 1450
1062 360
1000 527
745 57
76 592
955 879
721 663
1973 1407
630 1670
25 636
90 458
1419 575
468 1826
958 1517
644 279
206 1800
572 574
1767 431
183 304
346 1374
356 520
1353 1769
14 562
1531 1797
1864 583
1667 1679
104 512
482 1853
585 27
388 1265
1850 759
833 109
792 860
473 745
1993 1599
909 171
634 1624
887 1297
743 1678
145 504
1531 223
1127 446
894 1288
920 475
1705 9
192 866
749 263
1166 944
156 235
248 286
1341 1193
1568 1489
1378 318
501 850
1448 1434
92 1408
1663 751
320 812
199 335
1297 1057
153 43
436 400
1479 1122
644 1923
684 1551
1587 1412
1827 29
193 527
107 1190
397 1507
728 1464
1378 1164
798 1269
780 1940
1086 687
944 552
692 1157
458 1720
922 1196
1410 1066
854 1037
498 609
1753 511
1284 1158
1861 61
352 424
1811 1044
