3578 3940
363 2708
2810 1561
1902 3717
3250 1916
2347 4910
543 1701
4222 3547
41 3273
2477 3271
582 4822
1147 61
4611 280
2198 4815
4136 887
2261 4980
3598 1058
311 4433
2926 321
3988 2457
1232 4021
1226 2995
523 4377
2873 2
142 2496
4149 4105
3506 3778
3301 1276
4757 3485
2361 2044
1483 925
788 3857
3209 1785
4949 4546
3440 4543
4578 435
3381 1701
1627 545
1225 2701
2191 2304
2471 4426
410 4724
4438 993
4618 2303
2607 944
2932 639
4532 3879
797 2752
3880 3227
3945 42
1220 510
1197 2312
3590 1297
2881 4233
2860 1956
562 3361
904 3581
84 4462
3627 2455
1503 4025
2744 1414
2931 3998
2096 1441
2448 1314
87 220
887 352
1381 995
423 312
1239 1063
2455 1833
3085 240
1116 251
3906 2086
4589 3428
549 3869
4197 132
2465 4310
3954 86
4282 826
4405 3835
4830 2756
465 2251
4578 885
1569 2362
913 4410
3096 1852
183 785
1790 2739
4143 4734
2954 3904
4381 1281
3841 4731
3560 2764
1647 3361
1512 2605
2617 3690
1248 3047
2245 2778
2182 1379
2833 3930
4123 1063
1742 1084
2787 3323
4989 1957
2957 956
1532 460
4996 3099
802 1277
4826 563
812 2393
135 4249
4472 2737
4553 1974
1501 1234
141 4345
2759 2259
3390 2494
4397 613
4829 1026
2117 4269
1346 2425
1515 2258
1256 4503
2113 303
4967 1523
3268 2022
3105 128
313 2288
1798 3532
2490 2985
1589 345
3845 4143
1539 1867
3082 721
3534 3048
2316 628
3014 2024
48 4546
2961 622
501 4388
4316 1186
941 4593
4981 2964
130 2789
3841 824
4543 1809
3877 2036
1388 815
4918 4190
1588 4780
966 849
4248 1554
4521 3466
2995 659
2283 1957
122 733
327 2077
2249 3242
973 2902
1228 4834
4285 4362
1180 3855
2694 1450
1869 4291
3197 2887
4588 1416
278 2243
2288 595
3578 547
3905 1330
1795 402
3958 3504
1897 969
291 3895
293 3591
464 3055
1345 4899
476 438
340 410
4483 391
458 2354
1651 3610
4794 425
433 4754
2470 3074
354 1967
350 238
3418 2291
1346 825
2381 4354
3272 1855
860 3352
723 2425
3430 4152
495 2549
412 2905
419 135
1865 2304
2326 841
1223 4861
4446 3954
1047 2979
4933 3986
3763 1315
2351 4151
1 2296
1720 3768
2259 3381
2965 4475
3529 3853
1584 821
1955 4944
2065 1639
3719 4321
881 1875
3685 507
2237 1076
3333 2692
811 2742
2395 825
3497 423
1690 3381
2148 4372
630 2115
2591 3760
4070 3978
1782 3561
2105 4031
1548 1213
3935 4958
2181 492
4169 4674
4925 1118
132 2749
3402 3266
1301 888
3927 3701
102 1290
4000 3800
2461 484
114 13
2780 1992
2953 3697
2526 3992
2815 267
4653 4846
2299 3311
1392 1000
3393 3990
2056 2685
4786 4069
1651 4486
2753 491
723 2732
411 891
1559 2403
2185 2306
3103 2921
68 1559
414 934
447 4231
3321 3488
4516 403
62 2952
1761 1343
2625 2379
2272 1714
78 588
1797 1118
2942 4050
2884 3137
567 1644
283 701
1370 4260
2397 2247
561 3978
3126 2605
3558 567
2964 1036
3502 591
3204 1218
2605 4360
4688 3243
1388 398
2360 57
2909 3150
516 1095
1599 3039
4535 1574
918 3445
1808 4191
1779 1388
2358 4418
4108 1852
2339 4723
3784 809
1446 3357
4974 3352
3726 2467
288 4557
4156 3448
3670 2199
2996 3650
4502 2852
1865 968
3803 4145
1275 4732
4610 4905
2788 2838
1019 3481
3570 1121
3769 4383
2959 5
2065 2652
1350 1851
1112 739
3863 4309
4550 4074
2848 4291
3703 4830
4209 3639
3456 2185
1594 4084
1524 4842
4980 3569
260 2521
331 1014
120 1568
1797 4144
4436 4106
866 4421
2836 4459
1215 937
2302 510
1732 1409
4201 3075
3430 1442
1050 1076
1360 894
1572 2232
4126 2943
2674 3967
3545 634
3977 2605
4579 1745
4707 4536
4118 2380
4993 1864
3559 462
2057 2117
3692 3246
3003 1119
3277 376
4423 4912
2894 752
4922 4802
2896 3912
4065 1410
221 394
2071 3950
910 3280
4142 3303
149 3841
220 1118
4882 4568
834 2368
57 609
1080 3701
3057 1861
4812 2427
4547 2503
3189 574
1478 3339
2793 3667
4704 4715
3849 4947
580 2904
857 117
3195 752
640 480
3022 413
3743 736
1356 157
915 2048
1763 1695
834 1030
4561 1109
84 967
4287 4451
945 2633
4340 3788
2908 703
3280 1150
611 3659
2921 3899
3958 253
4675 4682
1427 366
2239 2651
82 2132
