2601 2098
406 580
2305 1811
2335 3533
3471 1975
1274 1140
4610 3078
1552 4734
4676 4278
4219 4804
1936 3360
1539 899
2954 4713
2875 681
2710 589
3320 1087
3755 4681
53 1967
4687 3973
2732 3218
2818 2713
675 4134
1335 2240
2058 3901
1312 4349
1334 1516
433 4223
1235 324
603 1760
4377 1593
4222 3218
1624 1085
4572 4040
4115 1085
5 1977
3144 2507
699 704
2399 3276
2158 389
4798 4875
950 3806
3212 1948
2614 4825
2365 191
2653 3546
506 332
1650 1395
913 1241
3362 3985
809 999
3444 2074
4181 3933
1806 4403
3399 3269
2422 1856
1866 3030
4102 532
915 691
1370 872
3598 1179
2999 538
3294 3995
3080 280
3691 233
3633 1311
1241 1791
3010 1087
2719 3041
4041 3053
877 1619
520 1046
3126 2281
2712 2681
1932 1893
3574 4556
3601 3868
1050 907
637 2700
380 3141
449 1576
3545 4839
2005 190
2233 3904
3588 4833
1849 2268
32 2502
1720 276
656 4494
4174 2642
4504 1729
625 886
2372 3130
989 4924
2362 1699
3252 3889
456 886
2749 4886
4783 1422
4528 69
4212 4547
1701 4333
4653 2594
615 2799
3945 2896
2392 1203
4248 3468
763 3174
3572 4592
3893 3909
2273 2491
3891 4554
4495 1815
1941 3035
871 1858
1287 2549
620 1818
4743 945
1604 4711
4053 257
4681 4011
1419 3533
3156 1463
2259 1058
4089 374
4564 3039
4885 1834
3410 712
1570 1592
3794 2219
3842 4488
2174 4719
3278 3604
1402 118
1837 2813
806 501
1879 179
4767 3104
4027 1347
4496 2109
3615 2064
1699 4511
3345 2141
2799 1092
3891 4103
2192 3013
2035 1298
83 151
4110 865
1174 2250
1534 3198
2763 3447
1106 4688
2949 1143
2960 2368
1453 2369
3662 4189
1843 87
2153 202
1665 3901
1663 3378
3125 4168
3562 4714
969 3451
2589 3525
274 4552
2725 566
2214 917
4185 4560
2461 2204
3781 3475
3902 1868
3359 1045
2923 4146
2803 1079
4662 2502
1736 815
401 790
2079 3644
4740 3247
2614 2529
4978 3811
851 2481
2375 2855
1205 112
3913 4019
2381 4243
3581 4256
2314 1510
2521 4758
3217 2485
250 1812
1587 529
1066 1845
3070 4306
121 1503
1909 749
965 4463
1788 4660
143 4367
1258 1006
1354 3353
922 4551
3840 4002
3447 440
1738 2049
1773 190
2744 820
463 82
1120 1225
2565 2943
4605 2677
2566 2400
3905 1463
2155 2262
554 50
2145 733
3128 2468
544 649
628 4221
823 4950
2485 575
4870 2642
4213 4827
1479 348
2234 742
1898 1962
3912 1070
3326 2777
1187 2163
1971 2805
2364 1450
2179 3023
3591 3456
2623 2164
699 2821
1995 2490
1355 811
382 339
667 874
457 2821
197 412
2038 2292
325 485
3818 3507
4665 279
3970 817
3986 3294
3796 229
1652 3379
2420 147
4831 2420
1275 1707
2217 1340
4631 648
4163 346
3549 2051
777 3896
3481 325
1358 4790
1323 162
3669 2895
559 1704
2102 319
3684 4548
4421 415
3100 4019
2160 2276
1363 1400
1130 1579
2582 1058
1948 1443
2859 2878
782 2758
1876 3392
2018 2738
1181 12
4488 1509
3982 2694
287 429
4184 4590
1217 4503
2942 2963
3588 3708
2464 3312
2460 2954
4782 766
4417 4046
1100 2510
3295 4088
543 536
4364 749
1996 4463
2321 3178
703 193
544 4225
792 1605
2593 4993
550 4869
4777 3592
2769 3205
