1791 1479
930 1464
4226 860
2724 494
320 2283
4245 4701
384 2965
4679 2163
2513 4962
4991 2768
4813 1046
235 3135
4825 96
3201 2405
1446 779
1648 1331
2428 2733
4437 3545
2404 3081
2972 2650
1564 926
1053 2028
609 415
598 4200
3856 3713
3311 4181
1105 3489
4841 3260
1780 4485
1901 4695
287 2543
228 1054
1308 2341
227 4803
72 1602
1942 2111
42 322
4428 7
1552 2234
4665 1878
4914 2119
3309 3541
2507 321
4271 743
598 2658
4923 792
2747 2627
1561 1351
1647 4004
3242 92
3455 2877
883 4159
237 3316
4009 4857
3953 2934
2923 4080
1406 3167
2703 3626
1232 165
2861 505
3988 3131
4374 4283
665 2508
2425 1845
316 1297
2258 4291
2314 730
109 2345
3946 517
436 3290
3404 4342
358 1692
3987 1905
454 4000
1575 1531
2267 2384
1273 2731
1075 92
2873 2875
1945 670
4017 3114
360 4506
2663 906
1731 1619
2016 1156
3102 2764
4220 4464
2860 483
3794 4885
1232 1139
2953 2867
1111 667
20 1648
784 2054
481 1081
4435 2493
265 435
3189 2751
4725 178
972 3341
3637 810
4463 4568
1318 4213
837 558
3257 2112
894 2879
1626 1072
4526 3187
4342 384
1449 4867
1370 1275
1062 1869
4516 3625
1634 2775
1015 3337
2486 383
2696 249
993 2984
1832 266
422 1347
4926 204
1108 594
4391 1771
2695 1818
3085 1402
1159 4112
2543 3972
2014 283
3216 2100
2097 1538
2814 4841
798 141
4637 4875
4375 1174
3699 3120
2693 4416
4624 4237
4976 1523
2429 4355
314 1346
1716 180
1413 4981
2578 5
1349 2165
3023 85
3507 177
580 1853
1963 353
4406 2675
1193 3861
689 747
4249 3936
4064 4408
2643 2334
4371 1558
1534 4839
130 1072
1332 871
796 3668
323 33
355 634
2471 2890
2342 1269
1285 4829
674 1160
3743 4938
2072 4956
1116 2636
4584 2843
4113 3136
1708 2532
3977 2024
1657 4833
2721 4087
4986 4832
2747 1362
3231 3818
2157 2560
3951 3371
3529 2504
1223 3999
2727 4943
661 863
2786 88
2589 3799
1609 4286
840 1851
4369 3245
980 1442
1497 742
3231 1404
2680 1007
933 8
4302 3632
2866 2237
3308 498
3409 1730
2541 3985
4931 2665
4098 4053
1761 4392
238 1126
290 4066
1155 3908
1687 2331
2640 1750
2462 916
998 1558
2348 352
2772 4662
985 4068
2454 3838
1110 2901
3694 1805
3221 1987
3512 3269
4054 1571
2243 897
3969 1816
1736 753
221 3586
3667 2284
4980 3063
1722 794
266 4459
4656 824
146 1875
837 4672
2682 1229
3679 400
1642 912
2327 3853
2779 2572
4103 3109
3270 727
3016 4735
3536 3399
156 337
1741 1874
908 420
123 3046
2778 1675
1979 3281
545 4131
2660 1139
990 3724
1036 3296
3665 4260
2438 2708
943 1305
1452 4753
189 2099
4704 1431
891 49
1755 1535
3408 2340
715 223
200 4774
3086 2478
1284 4495
1964 681
1623 1530
2437 3348
2286 2187
4660 2233
821 3539
752 4979
1962 1805
1683 3245
1923 140
4674 4940
182 2118
1609 1277
258 1182
4261 2178
3417 2880
4387 3605
4733 157
1758 4709
4981 741
1848 657
3908 3249
381 4487
2672 3642
2963 4792
3265 4867
3033 1698
274 2986
1039 1283
2967 4705
3920 3166
4000 3679
3552 3383
293 3936
3020 1872
2235 3908
3705 648
2607 765
1349 326
2166 665
523 2920
728 4729
4928 4587
2195 2519
2337 769
699 1779
4906 1706
4946 4813
4273 3517
4511 3061
2980 1826
4161 2913
861 1634
4412 391
1816 2713
101 2327
2298 1426
140 2065
2097 4188
564 4425
199 2486
3276 3968
1040 1746
3145 4309
4670 1033
4555 2039
1455 2792
256 751
1260 3818
817 2554
4072 1455
3727 3796
1880 3311
3310 259
1503 1382
2839 2963
1412 92
1339 2503
1549 612
444 1226
1619 1377
4000 4672
3994 879
4354 2824
4728 2752
2577 1410
970 4558
1609 3859
2108 2177
4177 2323
3844 1466
3287 4686
4055 4254
1395 1252
2631 4870
2694 3181
4701 4972
4045 3018
3358 2853
4762 3928
2737 4868
1727 3210
4020 4629
2216 2932
1506 417
242 4724
4843 1391
4873 3148
902 4437
2217 456
3406 882
2493 4896
2832 484
1492 2207
3246 1388
1030 3825
1733 1289
3632 3777
1315 256
1689 4864
4505 715
2585 254
2619 1369
4741 1344
3514 753
4368 2757
657 498
4812 144
3486 891
231 4979
3199 89
422 111
1457 2892
2098 1846
3528 4790
2444 3990
2453 73
3305 4547
1961 4637
4944 2880
494 61
2268 3321
3425 132
3286 1728
2834 1007
2911 928
1350 561
2262 2080
3201 3945
63 2513
3091 379
2797 93
3211 1015
4664 3764
1810 1691
4564 2757
3446 3986
4690 1975
1257 4748
2489 1976
695 3569
4880 4337
10 1279
3000 557
1652 1065
2476 4564
1724 2784
297 2119
3233 2167
3649 4967
3981 3146
4959 1924
2071 1394
4815 1312
1266 1753
2302 4424
4021 4220
1084 2092
1661 4664
743 1042
2374 789
4101 4765
1502 4372
2054 4485
4045 538
4997 3119
73 1573
2837 1288
2489 3654
4004 2226
2122 2958
942 1953
2461 4582
242 601
1848 4354
2782 4811
3817 2384
3411 4422
4385 281
4885 2763
3506 2604
1381 829
3305 1007
4900 534
3599 3281
1676 3983
902 3930
2670 3956
3740 3977
417 4945
2060 3200
1746 562
1769 4711
1605 3676
2612 1457
945 3708
4124 243
147 3390
2963 1845
3770 1148
3094 46
1222 3620
1191 2966
4518 1274
4178 164
1766 2849
435 163
1819 4339
4945 374
3145 68
1619 2608
145 2450
4439 1970
2018 2454
3742 4285
828 4611
1755 1825
2894 3012
1757 1019
1909 3682
