4695 1318
141 9860
4245 1132
7527 9574
4622 4464
5609 3797
8298 5084
5991 7174
2720 6852
5239 9074
9092 3627
9449 7321
8161 5664
571 3617
5766 2358
7316 7253
4358 504
5492 6337
5192 7570
6336 8906
4115 8289
7323 680
40 7694
9855 7621
8745 4066
5336 736
5912 8293
6795 5691
305 5380
6754 9481
401 9103
8043 3429
6105 6874
5412 5154
1460 883
661 7605
7621 3061
6904 7242
4380 8372
9200 9180
6587 4104
7948 7301
9575 497
4614 6255
2140 8959
7214 4122
5522 826
7570 8007
8397 8806
1817 6580
4508 7843
5820 7433
2919 4205
9246 7230
1449 973
8517 3681
2086 1026
7123 7319
8663 1731
7720 819
4930 6507
5474 5632
9290 9232
7414 8843
4529 1096
3303 6373
798 7692
9895 8268
2111 746
6260 9835
8444 6820
9382 6770
6871 1757
3655 4693
9658 2384
400 2628
4220 6464
7593 6734
5325 9159
1771 8320
8873 5558
6909 1292
9711 6861
9653 1282
6363 4150
8546 9819
6588 8663
6422 9928
6346 8272
9240 4635
853 8022
6129 7437
1270 8791
6606 6632
1603 3857
4634 7368
3178 1298
6710 2816
3737 2171
3133 7770
8183 7658
9540 3100
944 9899
9379 2721
6715 6122
5065 5722
9467 2458
7670 1154
5740 5665
2212 7333
8478 1411
6927 153
6731 2692
3915 7335
5706 1060
1696 7189
6782 9688
6581 3626
2464 6530
5056 6157
8238 1627
6460 2374
174 779
5966 8502
9627 7501
9140 1436
785 625
5953 1707
8899 2013
5892 7952
221 406
1117 4143
9589 3820
3483 9386
6612 8520
837 9651
3068 7590
2270 9914
4253 4640
8173 9994
2106 3615
7902 7279
5340 726
6136 7953
7121 5065
9262 2811
7239 5074
122 6915
1987 8372
4058 4586
8414 838
9223 7897
6918 7367
3089 8239
6822 2045
6407 6998
5581 2170
4118 7251
1030 8220
4468 3276
1969 9737
8526 5994
3289 665
1993 3771
2742 5727
2725 6960
5117 106
3652 9266
6940 571
9814 4522
5076 7501
8385 6883
8289 2683
6032 2173
625 1209
581 9120
957 5403
3856 2569
3814 4141
5370 5769
5180 9262
4263 3235
9786 128
6408 1573
4598 4869
5573 7879
1077 7317
9225 3234
1332 4718
3165 8173
6781 3673
4479 7359
6587 8209
2354 2
2388 5290
6461 8602
8819 5060
1385 9692
1414 6193
8445 1078
8584 681
3026 5871
7791 586
7582 7317
8010 7509
3726 5470
5672 2265
2493 839
1997 7725
1200 8231
1079 6892
8593 1366
343 2240
1623 4853
5967 2026
1226 1559
2432 6451
7519 8714
96 6270
8827 6790
3166 3351
7079 3532
9164 3102
4046 7191
5803 310
6316 9462
717 1379
7657 505
8991 4252
9927 3351
9806 3442
7663 5402
2221 1226
1190 4098
8965 9582
8394 5284
2500 8156
4805 2261
5689 9796
2938 383
9894 3191
3203 5437
3669 9544
3093 7154
6082 7192
9254 3344
8418 1600
8128 5239
4650 773
755 3347
6107 1599
6487 1598
1585 2986
2489 7656
2063 2143
8731 2371
6959 48
2417 2398
1753 2215
286 5593
9631 883
8147 7485
303 977
7659 1044
1774 250
223 563
9764 4496
7892 3949
6056 3912
7067 7791
3325 8064
452 3911
7258 1428
2212 6681
5014 2520
1598 3278
1798 6254
1275 7179
9804 235
9415 1008
4495 7928
7925 8639
1607 8951
1330 9071
4726 7937
7302 3710
8644 5530
4696 4311
1360 7267
4134 4753
8468 2422
431 8694
4333 5944
4317 2187
9177 910
344 452
5066 2313
4335 3759
7228 2295
7725 9882
3572 2144
9675 7445
9331 883
4520 9465
7608 4559
9169 407
3620 5464
1222 9017
8710 3667
4155 8333
7770 7883
6947 2699
4970 9076
6871 4311
6025 2357
7285 1199
548 1744
7078 3134
9991 5401
3836 1639
2627 2089
3584 7512
2469 2161
3689 4174
9196 2820
1906 3586
4418 756
4821 7097
9023 2632
5537 6468
3044 5700
4412 599
9349 2399
7340 9165
5489 6333
8770 1299
7355 1218
721 5680
5935 4025
542 433
8754 654
7490 4923
5979 130
6045 64
6979 5541
9773 9938
7853 9148
8562 1609
9805 1255
5474 1241
6805 4024
1215 8537
8255 1044
9145 9502
4889 8748
2678 4660
2183 6093
1793 7648
9705 5230
4393 8308
437 256
5493 8816
4162 8677
2409 9220
6559 578
5526 7701
4584 799
1692 9655
7254 9335
5167 6011
6944 8134
4568 5441
333 4417
2239 9772
8948 3204
3715 6022
8196 2595
1397 4461
3121 1784
2486 5589
815 1986
9350 7818
4802 8765
7240 6692
9769 6356
2578 6193
1159 4121
6801 6528
3292 3879
8142 3040
3702 8830
6430 5832
6680 1851
8238 3352
5191 3311
8971 8109
6917 4635
3290 9575
1495 9468
6142 8670
