247 398
557 700
262 430
332 682
272 285
655 811
169 154
438 835
533 504
382 305
513 415
719 73
515 944
884 399
561 321
990 188
445 72
377 157
6 157
962 140
854 164
766 418
971 505
133 443
392 123
251 268
748 636
488 28
683 399
349 837
82 622
227 928
618 582
7 39
246 164
848 868
311 163
68 519
92 759
236 525
341 382
232 234
13 250
313 352
647 924
194 862
573 551
555 826
238 817
501 403
512 70
205 376
905 308
700 449
395 894
341 262
506 810
888 900
445 820
475 801
479 849
984 458
656 543
406 91
605 967
394 166
687 990
363 10
566 864
960 276
730 105
38 553
284 494
331 248
798 827
227 43
798 830
824 107
392 960
490 626
559 586
727 542
715 472
803 821
907 342
301 127
665 155
59 491
811 315
606 565
257 355
498 658
176 62
847 994
175 549
4 920
488 12
233 627
844 48
571 471
