491 491
574 744
43 205
353 18
331 167
82 892
946 112
917 260
388 438
51 583
859 475
282 767
823 334
832 764
530 703
672 951
994 962
980 324
205 15
130 37
803 786
1 371
233 35
151 593
56 880
223 91
84 609
635 401
479 751
11 478
11 752
159 610
553 382
995 378
775 477
366 634
999 520
382 996
501 437
691 461
356 437
684 902
417 501
585 20
308 316
600 172
874 410
41 58
224 700
780 41
350 146
458 594
360 187
358 180
571 898
4 696
112 382
639 29
771 779
713 211
615 520
477 158
185 544
466 487
70 668
159 284
365 402
674 536
771 485
570 175
306 473
615 528
684 253
784 89
901 30
706 311
226 981
333 919
358 944
756 246
485 943
239 341
798 876
782 747
84 866
184 194
403 259
762 20
371 565
144 937
741 61
997 677
177 73
536 674
459 500
106 755
55 622
965 979
221 876
56 702
338 494
973 331
901 149
136 954
288 541
616 535
361 641
265 747
449 558
274 929
282 330
318 548
638 55
505 18
671 148
628 121
996 785
38 746
113 635
137 157
66 504
575 531
895 443
620 878
446 692
394 388
835 970
147 757
311 848
138 698
915 941
248 162
526 602
884 540
572 755
298 32
739 697
311 342
617 546
588 783
457 290
401 484
468 41
970 64
208 811
841 228
672 989
977 79
366 640
187 810
644 841
598 198
752 449
469 548
577 504
364 37
28 3
175 963
491 686
828 294
968 730
281 777
98 860
423 405
695 791
549 191
662 558
713 697
68 336
650 290
519 5
712 469
745 231
272 499
747 352
826 85
674 355
45 472
827 36
971 472
316 698
896 295
169 454
18 980
563 810
488 199
392 331
250 489
794 917
5 151
664 852
351 70
104 575
611 682
743 602
900 178
789 440
946 56
952 2
468 387
942 472
743 602
523 148
976 649
259 468
408 458
261 350
503 508
231 179
209 274
206 315
809 903
259 999
48 804
106 884
212 422
652 88
762 912
805 354
221 963
99 221
958 296
956 843
648 277
114 774
34 451
242 546
371 786
82 495
589 724
37 296
116 328
170 282
71 976
659 843
259 55
327 446
419 263
260 596
798 847
680 621
956 348
862 171
218 922
873 257
9 879
361 349
317 921
848 954
774 687
880 384
373 252
464 809
176 550
535 729
329 258
31 852
718 178
3 507
860 307
376 574
59 491
535 549
670 313
306 562
259 590
311 606
592 112
262 863
214 577
350 67
345 426
151 817
453 469
487 584
343 994
392 889
88 761
318 586
218 968
395 331
653 423
571 90
37 339
811 353
461 488
978 916
268 420
966 946
640 685
802 972
538 69
472 592
27 569
632 479
526 449
211 786
459 894
464 457
277 394
105 745
902 185
160 227
641 27
717 91
885 568
641 329
507 738
852 154
656 962
836 12
308 783
932 870
640 948
912 32
34 1
852 830
557 226
559 608
357 827
676 610
737 161
317 14
27 533
643 876
787 588
929 967
81 381
186 996
403 537
414 364
705 464
718 474
850 47
862 121
216 365
399 720
1 102
231 19
770 602
36 617
952 826
451 396
359 358
722 357
73 281
209 622
674 337
325 274
150 571
432 276
656 516
153 688
733 136
810 368
90 550
589 94
162 228
490 284
273 817
974 6
895 940
304 361
47 822
289 509
326 767
31 202
304 967
87 585
113 966
834 963
133 538
352 264
161 373
249 188
897 769
298 605
246 608
250 544
400 950
298 41
640 182
827 664
12 743
594 804
731 471
172 220
677 642
67 226
50 672
583 937
226 602
928 384
367 991
330 240
186 202
454 219
385 549
679 197
223 201
469 871
699 294
298 206
679 424
882 85
603 886
921 449
898 684
115 299
848 772
574 830
983 460
66 318
878 216
791 395
421 223
767 292
879 230
644 799
642 998
562 889
116 696
478 356
122 44
467 74
206 335
907 836
840 238
67 657
723 877
509 297
283 43
700 905
439 87
158 42
640 396
75 879
38 380
101 348
686 26
817 834
174 593
414 819
7 260
599 623
43 173
254 366
103 629
726 433
316 647
556 925
759 616
59 579
250 368
13 597
937 552
570 839
120 565
852 553
413 857
258 554
951 616
345 26
411 567
117 435
397 625
920 864
444 447
66 901
179 20
671 700
365 113
965 456
713 928
145 67
914 399
250 491
834 100
372 529
277 432
349 782
815 168
312 602
282 37
643 444
212 301
705 704
407 429
591 774
956 892
57 365
42 257
598 326
628 609
699 33
152 148
913 166
21 471
399 287
163 943
