2328 97
546 1861
4549 1054
3708 977
1625 2276
1131 2669
4401 1023
4286 1602
1607 3889
4592 304
2044 4101
3227 186
1254 3001
262 2561
4886 4365
1042 4504
345 52
1195 3196
4580 500
4605 2107
2920 425
384 1388
2551 4047
4204 3182
3739 2349
1553 2306
3778 4295
2390 2343
3803 2275
3630 4304
2292 2073
4569 2607
1185 4786
3512 2768
35 4147
4329 3197
4650 3363
3122 2288
65 1380
2644 1933
3753 187
3603 1678
2207 4007
4591 4624
1365 1039
645 3721
2561 1778
3651 2783
654 2710
73 522
1700 4832
3078 1673
130 3288
102 1793
1147 465
4954 1178
503 4798
2361 199
4479 1426
3405 3386
1246 3259
2081 900
3315 2983
4801 1508
3641 3108
2455 89
4066 1276
4641 2404
527 4621
1482 4093
4449 1291
3691 2819
4297 4706
2119 4802
2783 1729
2820 17
2379 3618
3562 717
1916 4180
4401 2197
2288 1312
2588 1685
724 2442
1395 3415
3463 293
3686 1344
4520 1759
2443 4264
248 185
3738 1509
3453 1242
2954 3210
2523 3489
2074 3291
1496 1984
352 928
3658 3710
680 4021
4666 3997
1308 1137
689 3860
2 2942
2279 1075
1611 1794
2918 2217
2479 1873
3139 1399
4088 4232
3495 3748
1242 7
3167 4179
1070 4258
3578 388
1672 628
4425 2681
1464 1044
4379 1521
1013 3291
121 2304
3546 1363
2171 3660
2405 289
1185 201
3831 3835
1250 3578
2743 3294
4625 62
120 3604
3628 3465
3841 3600
3901 4686
1764 575
2746 201
4588 2388
4502 608
3031 3152
486 3600
3576 133
4245 1941
4859 3269
2184 179
4714 3533
794 508
3746 2536
4500 48
3913 1287
3591 975
594 1739
2186 4548
3603 2680
4317 475
507 1563
4207 486
4130 1392
906 300
824 2489
1811 3377
4238 3355
38 1654
4239 3348
3574 774
4083 3057
1016 209
2710 3307
1566 2048
3403 4296
2756 1075
3970 4493
1054 1970
1611 2245
1339 3139
329 994
103 4164
1483 4075
2981 3366
4989 4129
3766 2032
3108 2595
1451 959
538 52
1874 317
4826 1573
4318 3831
1031 3523
3670 3547
1394 3623
1486 1881
1847 2364
3244 3580
3644 3728
3634 2253
1042 815
2029 3011
3395 3746
1540 779
740 351
2937 2037
4315 4687
2479 133
2427 2419
4536 4895
918 155
3377 3566
1645 4200
2972 3238
842 3230
177 2554
278 1288
3594 4134
2444 4774
4750 1751
4140 3441
3957 397
3973 1420
3360 342
3137 3199
4937 4678
4242 1357
1274 2967
3777 617
3096 3754
2468 4103
480 4425
3556 2881
3008 3626
4313 3186
3582 1109
1437 1845
3414 1543
4446 2183
243 2586
785 559
3930 296
3296 3162
164 103
4493 1936
1887 1110
2081 880
26 4731
2479 4210
1161 4955
3747 3431
2845 921
1350 1581
3029 639
2647 309
36 3871
4335 2873
4332 1496
3240 3200
203 747
2715 4846
208 549
3680 1159
3459 4965
4688 4288
2825 2136
403 2892
4988 606
1445 4468
3002 2486
3228 1138
1418 3496
4038 3445
4446 1443
1771 3473
1692 1355
2090 3599
1825 4611
3034 1912
2013 1462
2984 4462
170 2080
4551 1034
2450 4648
3798 4476
1343 3312
3848 981
2438 3036
2077 1494
4482 97
3046 2746
3241 1268
2363 3914
4533 2192
3468 677
2560 2969
733 1061
1585 8
2770 2099
3051 2091
2710 1826
2630 3439
3727 4982
535 3783
285 2899
3453 574
3953 1588
2393 4317
3079 1386
2007 1463
4501 2562
2228 4148
3384 1391
763 2018
1756 4447
3836 3849
4426 4905
3148 2982
3253 1963
2036 2152
3755 1575
594 4769
556 4857
2568 3400
1093 1052
4924 3244
2647 4049
2670 4698
62 4278
2060 3909
468 4175
3472 2859
4068 3705
2600 525
514 2227
3210 4780
4985 1573
4431 2282
2096 2637
4547 3300
4190 2364
3045 1942
1733 2276
356 629
3485 2720
4432 2447
2341 1649
1840 2456
1583 1496
4220 2119
14 1962
4039 4289
363 2347
3164 2848
4283 4274
2141 1146
1248 4257
1913 62
1845 4925
96 423
2325 2509
2277 3773
4397 346
2645 3972
3639 3905
2609 3080
3250 1078
921 2866
4794 1186
0 1849
1569 2897
273 527
1682 2304
2683 2237
2186 1109
193 3325
1445 403
602 2468
3351 2563
4836 126
3889 1967
787 2655
1669 4899
1975 2944
3320 679
3679 2196
4464 388
43 2894
2521 2654
2515 2345
3050 30
3663 1159
1799 1823
2147 1288
4402 4981
802 985
4425 3057
3132 3232
3433 2854
3766 4655
2525 2322
3599 4536
2148 2630
1773 1278
902 3579
4619 4257
1282 4958
615 961
721 334
