3008 1722
3759 8915
8523 4798
2554 5921
6511 107
3877 5909
1197 5358
5984 3051
5309 6191
8983 1791
1254 3676
8016 6862
4771 8325
325 2841
891 9433
773 9054
5526 9294
7328 2264
7142 9135
327 3444
6418 7054
9559 892
9246 3200
348 3325
133 6960
451 161
5189 3999
2656 1261
2520 4415
1752 9220
2219 1204
8618 9478
3450 9398
146 1739
6386 6201
5206 1562
4265 5384
5446 4857
7149 9829
4034 3653
9258 6712
9343 4552
2346 3728
2513 9471
503 1075
8542 9548
8927 2804
3029 9922
4792 6696
1778 7363
890 5288
9072 8140
8539 9712
3804 7663
8382 8753
3109 7398
4004 5617
3339 1221
5156 145
8490 877
1042 5261
9769 9806
3152 8576
5872 7563
3949 5944
8006 6729
5597 3036
6840 7328
3579 9733
5864 2630
3321 1591
9353 8796
9866 3406
5419 4910
8488 9157
3350 9108
682 6690
443 9897
5969 2779
1593 2464
9230 6688
6920 7572
3257 2754
4647 5456
3220 5364
2195 2910
6127 6729
3118 9501
9221 9012
2672 4230
4213 4643
2277 6019
6575 4381
2126 106
8446 3895
1691 9875
3123 7980
4024 2945
191 5233
770 9228
2031 2605
8506 3960
7320 7884
2444 1029
5189 1291
7161 6971
1520 4144
7594 8278
7252 7807
2806 9732
8122 4881
4731 5103
7026 9825
9655 8311
3943 9516
7041 8690
7142 4817
8713 7068
8912 5369
7111 7578
4925 1131
9855 1141
4389 9870
7841 1850
87 8953
2630 6794
9549 9154
2733 4431
4319 2805
2837 4896
2856 8898
8924 687
7069 3602
1372 8745
8538 3742
7399 9214
1716 431
3154 672
5085 5268
9797 9319
4494 9627
9510 8933
4171 2838
8023 3585
5399 8577
8575 4702
2266 8657
5071 5622
4308 6854
1839 4326
4721 7237
5482 4325
6061 9128
3787 1308
5184 4778
5379 2058
6289 3987
4854 1214
7331 1206
9065 5014
3435 1755
4145 6653
5622 6587
4207 3451
7395 6242
4002 8855
1610 4692
3550 2070
5348 4391
1418 2103
3248 2478
5442 2850
4054 8878
9512 1888
5477 1903
652 4590
5935 6062
5513 4227
5199 7478
1231 7040
7123 6555
2276 2138
5586 6014
4051 1050
8680 7135
2675 8273
7712 6922
2330 494
7544 2387
8301 6570
100 6185
4822 7787
7795 70
7774 2345
9261 2562
4723 3470
2914 27
2212 3346
7293 6807
1288 8967
6714 6438
4489 4995
7667 8389
8378 3587
681 1728
8783 7032
2113 4254
4427 6148
9028 6570
7323 4712
7806 3319
7508 9953
9731 5914
6140 8792
3916 2478
6523 9825
596 5763
2397 241
3824 818
715 9725
5585 6284
6825 677
7735 5177
1995 2981
8475 7237
1250 3420
5510 6008
5589 6584
945 8986
219 9411
783 6463
9657 2719
3844 2993
6549 6796
5955 4272
2591 1655
9777 6369
8380 6786
767 4125
3554 6449
6867 4150
3829 5027
2239 9229
3008 1553
7687 6668
6024 4995
9109 2557
3248 7897
1322 3526
878 5284
348 1623
257 9108
6706 368
1761 5250
1366 6230
24 787
4429 7388
4837 9084
3272 3162
7184 7631
3496 4950
7438 6295
1988 8764
7700 526
2001 4027
5090 3612
6605 9630
9611 4870
6534 9145
1526 5357
3647 2156
3484 5668
6247 8242
6894 3627
465 6558
4912 3719
4751 4389
3407 1657
57 8673
74 8739
8202 8463
8645 6917
968 2546
8864 604
4313 2733
2198 1150
629 7339
6503 7061
6746 8382
7661 2475
5862 4047
4590 7817
9767 4464
9056 5479
8594 7367
7940 3503
8237 466
7425 6870
1240 8917
3063 4230
1733 677
3972 7017
6715 7447
7302 9311
5662 4849
7630 7320
2758 7292
9494 7437
1857 6427
4684 4793
9220 9501
3254 290
966 9187
9255 8403
9438 6481
8087 9586
185 2597
9031 3141
7781 1958
7778 6876
2844 6926
720 3024
3880 5887
3341 7743
8146 9467
6099 2993
8427 3603
5664 2082
6057 8288
193 7759
9949 2735
8812 8645
5410 1096
1475 9652
5194 5896
9387 990
3152 3434
3809 1558
7182 2756
2885 7054
9983 6056
312 9831
4976 1919
9648 8080
6680 570
2807 8587
9144 4627
1044 6343
4463 47
7315 9575
7197 7678
1393 4811
562 8770
5051 4350
2426 7962
3952 9185
8511 3843
4345 6521
1766 2871
4976 7927
1325 5020
4568 3695
3356 4329
4860 1660
3529 9908
101 395
5779 7882
6321 4256
4918 7266
5213 3247
7592 3862
4400 7471
3413 4776
1936 2385
335 2169
4284 7813
1973 6690
1755 572
3363 8265
9844 5217
919 9469
4826 8548
4236 4070
9493 5109
657 3183
6611 9308
8594 442
456 1385
7150 7338
8343 7830
6725 3398
5027 2787
9960 9989
5280 1697
170 6736
9814 7228
6351 5092
8308 8090
8986 2943
2757 8340
2923 4055
7276 804
3656 4498
7179 6854
3634 7468
2146 3104
6114 2884
1146 3696
626 1347
1952 7770
5619 5035
6965 4573
1702 2841
1627 5050
8662 3305
4317 2881
7083 6946
7950 1313
3424 8737
2585 4489
4731 4146
4163 8029
2062 5102
3107 4758
3570 3905
3612 8398
9331 4758
2190 2979
9813 6077
9633 5491
5902 8004
9387 190
9935 8808
1936 2996
5321 7590
182 2288
2219 9094
5340 3078
6817 5095
6237 4214
5033 3331
9231 8523
3965 8746
7874 1416
5533 4820
8667 4351
7862 8588
2981 5221
1641 7616
5647 6301
1905 7807
7289 5938
4179 5039
3461 9987
2059 7103
6084 6016
2475 7401
9112 5534
7800 7974
9669 4833
3009 6993
8494 2519
6574 4368
3653 4042
2013 5194
289 6942
4174 3898
5907 4132
2748 3749
658 3507
5796 7366
4224 3119
2923 5925
5171 7207
8656 1682
9631 620
7787 5895
3776 4076
5016 7155
8259 9147
5189 851
4578 3232
5353 7475
3040 3414
695 5156
5384 8527
1204 8400
3925 5757
3825 4156
4526 9092
6815 1402
7782 6536
2900 3963
1950 5385
150 6832
4673 3028
1666 1148
4847 4166
4163 8663
2764 9227
