4978 2086
5543 4524
8031 3416
4357 4730
2198 3133
9525 8110
8584 3935
2688 9788
6778 4915
2933 9343
9749 878
3596 3722
1651 8664
6243 2481
9806 2646
6009 5750
6526 6839
6995 1429
9593 3432
2937 9014
1356 3641
128 6159
1407 445
835 2982
1094 6605
5303 3940
43 7046
651 5574
5025 9139
1580 5846
2597 9949
51 9353
9173 5614
9891 9385
5122 3584
8083 4747
7700 7219
4821 4718
4825 4832
36 7762
9954 6439
9927 6876
3187 6242
2115 4948
3636 9368
6010 780
4806 7114
3039 3331
4104 3262
8993 4137
9511 302
1959 4491
458 8407
7775 5810
1089 5757
1190 4888
1797 5430
4733 4378
1143 4524
1492 3579
2147 3303
7829 6583
5900 3026
8349 239
700 12
3219 1209
1338 8876
9985 9855
730 614
3494 7562
1099 5680
7223 4696
5249 6178
5414 7942
8341 6930
5449 9146
6553 2894
9043 1707
1429 3910
3013 8625
3080 8178
9352 3262
9596 8259
5553 4159
3934 1612
3842 4973
143 6296
5776 5393
8833 9132
1146 4605
4463 8275
5943 1877
5002 4211
6359 9281
1850 605
2344 7970
1556 6266
8560 5121
2061 8193
3266 4546
6005 8074
8877 3905
8430 1488
5040 8042
4503 147
4922 6059
5606 2425
2599 6491
7238 2437
2599 2631
6647 5181
3523 5851
1988 2138
6877 4747
929 6138
140 7962
3528 6084
6920 3454
6486 1567
730 4084
4311 933
8698 7871
4479 398
5242 9023
8684 972
7873 7232
9715 3099
4559 4764
9293 6128
2464 1358
869 2198
8332 1990
3647 1445
8189 4356
9639 5481
8761 6576
9656 5589
6802 5278
6268 6888
1263 2242
1565 3554
8783 3441
8312 2850
1283 9890
2891 566
5648 4432
4330 8534
9067 3715
9821 3240
257 976
6777 2946
5650 8107
4655 4025
3716 3164
64 6778
3566 2308
4521 831
8418 2497
8568 2265
4082 7989
8000 9689
3614 5763
2441 5960
8048 5515
3602 8195
5568 7865
4933 4165
2335 7460
8909 1947
4028 4279
8717 210
5027 9128
5596 4527
8545 1914
4184 4208
239 8611
2970 5259
4101 5078
987 3102
9710 7603
3161 4023
923 1070
4502 5258
7634 9492
5114 3841
6344 4466
65 6356
4897 3498
4311 4712
4853 5056
3068 440
3024 3523
9873 9646
2996 9259
1194 4302
9784 1291
6358 3723
3714 8437
2094 2732
2773 8
7944 8037
4867 8441
2049 5970
9299 9312
5720 4056
4817 6120
7262 8819
3542 8968
2390 1940
4380 4013
9530 3646
1290 1038
1673 1741
2822 9177
3903 593
8639 4174
416 5258
4931 9096
2411 3140
8691 2962
1735 8771
2973 6772
8708 6848
4535 5653
760 9561
2475 2110
307 6034
7177 240
7136 1966
3394 3751
6144 9572
4870 1105
187 1498
8088 8778
5643 2148
9121 866
8839 1368
1494 1476
5885 7046
2917 2631
1059 7701
931 5205
4323 632
6493 3723
3974 826
2048 6883
669 1267
5344 3287
8064 5779
2332 5750
6357 6921
7915 6973
2592 1499
827 6135
9527 5418
4076 7704
5756 9414
8829 6769
7740 9395
1489 570
8042 3200
6673 5551
2269 4913
9714 8827
1178 3383
9949 3595
3955 3747
4022 9851
9667 2494
8378 4600
1748 4384
9652 8332
8148 539
6328 8576
5 2596
919 3160
902 6703
9761 3222
659 7694
1704 9688
5297 7729
8908 3331
5970 3959
7665 9095
6761 8536
380 9518
513 3251
2576 3526
4571 9749
7322 5843
9294 297
9442 1972
8159 9524
3221 5159
2070 4177
9714 4477
7122 9320
3227 946
6997 3407
932 1977
609 7293
5486 8356
346 9693
1688 1126
5794 8427
1358 8470
9320 1226
8148 1010
4234 3401
4628 7871
887 6712
6631 9888
2355 2568
696 1230
6784 2549
4985 6161
7998 4850
3331 5220
3818 9324
8622 8709
2953 5060
6795 9570
3604 1039
9885 6809
6472 5469
5032 523
7971 7622
4838 4504
4895 2171
4698 4483
3572 6978
9978 7715
5493 661
1903 8664
9573 6465
1686 2406
2787 9021
1174 663
1444 8414
6281 3408
3896 9908
4680 8353
6429 3384
4306 2205
3342 6090
2282 7616
7907 3435
9071 8337
849 5985
7418 6041
8841 4804
909 8762
3815 623
1410 7461
8102 418
3721 141
3117 4548
5377 7499
2756 8611
9811 1682
2638 3019
75 8092
4959 7100
1772 3819
1871 7367
1153 5384
3909 7339
1964 4688
518 3855
7738 6238
623 6840
9664 777
3552 5359
8327 6575
1603 3148
8958 3226
6558 7144
3906 8584
6723 1108
2835 6862
9118 9339
8750 3857
4527 4943
4854 6571
1942 3141
2454 1415
1106 1864
1919 3059
8602 1242
8957 6339
8207 2400
1186 2532
9823 1985
7930 8731
9966 9099
5180 8273
1614 1970
151 8676
9264 9964
9396 3905
908 9587
5587 5584
4870 3665
4227 1159
9000 165
2472 6398
3023 8687
9008 8677
2183 8073
7780 567
6337 3253
993 5166
2045 2127
9115 5142
3533 9800
2251 1425
2022 8085
4547 5213
5481 3404
2109 9156
1911 1948
849 9320
6258 3296
4579 7611
9391 633
1063 7308
2892 1343
6655 5327
1005 6210
5434 7546
9159 1288
2130 2027
4931 132
4113 1056
7451 4764
2731 1326
1669 5660
3970 5806
4348 5576
5442 8174
1676 523
442 137
406 9268
2203 7260
9324 5717
3574 6345
4158 1865
6686 2079
8616 299
5029 9875
6304 2768
3130 317
8976 8243
1271 4272
5532 4399
9866 3974
3237 4437
3159 7285
7712 6284
4849 2551
5536 1863
4251 1817
6878 1985
8972 9171
4719 180
9536 9347
9567 2998
34 7148
3599 5172
5353 9711
2743 4168
3368 3827
1562 1556
1994 9502
8708 7117
1835 3362
9974 2549
4232 9187
7787 281
9147 63
6437 303
5832 8058
8969 6583
7563 2338
4238 6424
5076 2727
5218 8668
6374 5609
4393 9419
6114 5718
276 7463
3762 4573
8124 1537
8984 3798
9171 5264
6901 4967
6491 8535
947 2247
8001 7418
3330 8519
6366 2744
6731 8097
5343 3398
1587 6358
2893 4618
4693 3434
472 2778
6432 343
3766 5034
4024 9977
4737 7314
6530 8104
9383 4870
6617 7120
9590 5371
8284 4257
4559 8531
3878 2734
977 3161
1989 5420
8928 3499
3443 4006
536 6772
2530 2120
8762 4068
9075 9700
1335 3290
5350 2984
3906 2437
4253 9748
3852 3747
3341 9104
1535 4825
7631 3672
2645 6800
9115 9784
903 9246
4258 3717
6999 2885
6187 2954
3645 3364
7592 2410
2704 858
3670 3898
5666 6296
5399 4928
4652 9401
1785 8120
6827 5048
2360 7292
6145 7229
1709 1972
9220 9400
8519 3830
4089 5967
6392 98
8308 5900
5382 400
7300 8700
6061 3370
4872 4257
5872 1260
9174 3093
9296 5075
4890 2837
910 7725
2826 3719
7246 8462
1979 1730
2712 9884
3922 549
3989 9149
8194 6290
1861 4640
163 8603
6278 3399
7611 2834
3238 5192
822 5220
3526 178
1039 7122
8784 1046
6722 6484
1283 2112
8833 6117
7379 936
803 3000
2652 9717
5135 8885
7454 5649
4716 5988
5445 3811
402 2846
9945 5732
1656 3322
8527 6429
8844 9538
4438 4415
6339 8675
5729 3434
