652 58
84 681
595 372
118 528
622 411
572 46
661 863
724 826
74 888
607 171
174 687
812 847
650 766
694 121
803 15
41 379
411 385
895 471
673 328
466 312
516 489
599 111
562 659
833 518
720 605
92 291
713 23
614 255
808 684
659 459
416 380
578 338
978 786
568 282
141 189
328 350
965 466
287 355
514 654
133 502
208 594
646 826
678 611
452 513
692 377
154 345
457 693
739 539
865 763
796 390
86 284
201 899
353 173
213 746
912 269
181 576
253 311
861 736
677 447
51 893
332 69
936 398
719 643
28 182
407 520
633 687
550 383
476 302
156 298
747 260
260 882
538 695
368 590
459 597
490 631
137 567
73 620
374 966
163 581
860 98
861 872
244 218
81 90
652 404
456 233
742 153
149 803
413 921
75 745
959 566
763 723
163 639
214 277
146 14
759 620
283 246
129 667
117 828
707 84
56 219
162 26
594 779
546 587
792 792
259 224
55 212
196 99
198 623
63 694
370 210
247 878
967 331
937 783
630 238
646 436
38 379
406 629
439 992
413 690
442 954
71 407
294 158
352 466
861 721
270 195
646 949
65 738
476 536
606 215
204 895
307 93
561 292
484 571
849 995
540 696
387 933
713 45
275 120
742 873
859 669
490 849
144 511
567 34
607 569
976 777
151 38
100 443
759 285
470 349
810 318
658 975
959 704
131 494
930 862
959 769
58 387
942 491
45 863
995 817
653 228
718 522
2 390
772 388
55 481
869 781
834 49
350 462
311 108
852 793
114 710
526 97
498 461
652 948
584 125
952 460
57 334
244 779
721 456
151 93
337 848
884 920
807 624
647 487
890 617
700 665
687 97
27 803
830 750
958 159
551 983
275 755
871 515
282 182
726 267
68 134
859 634
840 580
642 776
877 428
965 832
846 907
547 907
112 637
390 666
632 592
625 156
463 169
30 432
547 639
181 121
347 135
218 945
38 144
829 736
750 176
875 899
962 138
163 252
960 215
52 635
469 241
351 955
313 978
81 585
688 773
574 180
304 522
135 412
460 630
157 216
204 298
759 385
162 107
548 900
843 322
237 620
287 372
287 538
219 390
207 815
658 559
2 691
907 583
561 7
899 47
221 945
30 255
980 795
687 502
303 657
478 185
934 259
885 133
950 477
490 618
816 575
350 852
827 645
685 22
982 954
679 758
234 145
43 946
261 436
281 430
652 4
90 969
663 27
810 47
559 619
173 23
87 931
567 129
654 283
817 345
662 76
879 624
988 849
195 857
349 267
113 747
909 3
42 109
823 145
233 104
59 841
919 805
817 397
127 737
285 350
118 15
884 846
900 619
473 518
510 154
492 569
372 193
648 150
6 434
20 960
