701 964
435 954
283 98
100 851
78 141
681 843
942 27
213 95
646 832
220 801
288 540
867 47
612 976
911 601
242 394
138 556
98 900
366 450
39 599
242 760
619 698
877 753
12 557
395 20
94 308
19 363
708 442
855 545
366 802
673 914
554 349
285 106
537 534
379 830
422 800
608 801
108 445
840 450
412 948
946 398
393 801
172 311
494 932
314 719
85 231
645 816
576 343
697 996
476 569
818 265
666 268
367 131
419 78
22 249
875 202
205 432
997 704
340 521
729 979
723 329
212 342
623 737
429 795
858 279
439 75
159 361
772 779
702 491
924 868
418 855
376 598
419 919
449 571
240 14
561 156
470 111
976 526
2 640
335 21
402 948
137 135
936 963
473 74
268 830
321 571
939 170
674 505
498 17
609 804
573 742
143 957
803 556
855 954
890 342
286 431
379 284
496 268
697 861
756 34
412 413
488 777
254 42
591 777
800 243
185 883
550 174
542 551
958 703
860 650
763 204
343 919
437 781
401 255
784 87
453 736
506 939
231 348
444 447
45 374
227 57
230 781
951 692
437 592
750 132
603 884
237 597
739 406
870 31
224 241
83 485
99 736
908 999
712 648
139 998
152 511
938 636
395 120
6 181
538 608
861 287
32 155
33 114
929 834
458 518
187 306
991 125
80 610
170 576
566 781
194 217
461 923
37 647
15 873
242 370
449 784
29 349
501 395
796 183
516 443
753 356
709 312
874 970
470 166
216 651
719 183
484 468
433 328
210 513
356 182
780 902
739 999
880 744
905 594
351 614
310 86
470 924
266 101
881 597
165 122
723 513
208 147
310 845
649 802
31 809
312 103
538 611
877 956
318 566
379 895
508 379
959 645
585 413
714 903
822 773
503 366
899 680
784 391
18 653
532 923
126 448
857 477
605 203
380 986
984 147
908 363
766 521
851 68
508 400
659 819
133 674
202 539
980 674
719 691
214 790
428 511
244 997
429 498
847 989
107 118
356 987
590 590
705 115
696 950
62 675
716 364
584 115
945 282
768 169
916 102
983 582
395 701
652 535
593 882
196 516
292 271
850 19
435 577
165 120
945 104
338 207
644 460
633 37
409 624
317 500
273 644
979 638
553 950
50 10
545 232
996 947
540 393
939 992
42 594
544 378
903 788
122 497
933 767
24 427
77 708
555 496
163 877
374 741
729 25
136 213
423 922
486 687
982 819
899 767
444 54
254 287
936 853
151 705
26 346
535 768
786 362
456 556
966 288
775 83
469 980
422 269
847 958
676 635
884 591
416 709
896 939
562 16
167 425
79 722
808 912
620 919
870 556
442 877
484 825
92 711
356 575
507 877
262 426
94 518
197 73
415 59
229 168
705 911
660 854
364 583
667 109
843 652
567 397
395 902
708 342
451 208
928 47
567 27
725 496
778 392
941 150
670 367
590 375
301 270
357 423
878 747
209 900
354 14
409 269
402 884
575 19
701 187
926 592
695 200
276 589
829 705
793 491
428 254
94 620
138 902
507 715
692 793
288 165
42 583
984 96
717 721
376 102
466 713
772 387
406 910
876 342
196 798
822 774
337 712
912 19
975 729
796 222
68 361
265 943
71 324
605 929
847 428
934 743
536 790
417 802
799 20
720 24
366 176
260 622
940 492
633 673
990 806
461 738
839 635
480 392
925 636
621 680
529 353
70 753
591 203
258 719
549 631
253 802
973 667
257 489
330 758
753 756
374 417
117 403
368 212
61 240
909 425
41 498
809 323
553 963
947 13
409 693
355 487
856 116
231 569
762 684
433 706
936 141
835 530
157 688
577 813
610 742
259 81
875 781
980 379
831 115
45 933
670 13
254 344
174 964
277 78
61 617
845 793
737 907
234 456
86 849
177 722
997 121
317 979
92 703
993 662
211 579
109 893
852 318
400 604
642 448
957 914
453 269
549 271
503 302
188 456
924 577
283 833
626 787
526 354
372 378
979 253
100 510
476 617
29 396
805 879
5 270
418 797
130 355
913 603
526 613
924 494
111 597
813 219
619 856
206 832
445 529
243 380
705 121
577 604
163 247
455 922
809 868
35 753
811 292
152 357
268 207
886 792
847 5
696 419
334 767
32 984
527 277
339 453
895 573
794 375
853 598
301 441
499 59
886 389
187 921
24 796
678 352
656 264
171 386
591 985
789 948
299 335
205 859
260 194
850 501
897 394
659 919
143 519
512 4
725 986
634 945
355 629
957 740
136 472
15 483
791 348
714 696
852 265
260 224
83 865
409 463
589 376
279 517
264 488
302 103
830 692
551 75
233 44
96 475
877 563
205 835
832 671
359 246
382 934
882 56
930 725
496 444
667 66
80 125
547 139
376 974
331 801
489 108
722 996
642 257
218 135
867 797
410 474
292 157
601 681
10 18
629 164
341 795
539 155
9 3
466 872
709 527
344 666
813 446
758 342
739 520
365 618
929 36
877 365
420 453
320 286
702 114
699 820
536 682
431 93
734 894
662 112
844 360
182 724
401 389
48 542
549 437
841 792
246 457
218 749
886 915
828 463
180 822
243 422
765 363
496 482
471 768
539 832
954 456
251 443
90 551
476 492
564 279
407 54
362 354
361 267
700 873
317 907
357 704
596 233
334 145
719 505
685 479
917 924
977 580
849 312
259 632
469 726
618 161
59 944
935 342
567 653
885 81
588 433
355 801
951 549
833 439
284 164
587 811
765 831
