1746 267
582 584
982 1452
857 835
1583 32
418 1481
493 145
480 168
466 107
1837 162
886 1349
1971 1912
1108 1061
1097 1624
264 1402
1758 149
103 629
978 614
1906 1126
1287 1592
1479 1086
1942 662
1703 966
1534 1172
1096 282
1109 184
253 1009
1166 359
1030 1247
1132 983
1224 1571
1751 1263
1800 1165
1824 1005
1884 1830
1683 693
1492 865
617 1211
1063 1422
1422 1168
914 996
239 1446
935 618
628 1434
559 436
1399 662
356 1542
988 1693
1144 1417
736 1583
414 1662
1938 646
1264 1872
287 1864
1528 340
1612 1515
1797 378
1332 95
703 885
1864 676
1113 47
402 1840
1674 369
1181 1905
1232 908
1486 1244
1709 1223
81 1820
789 344
1303 1288
1180 177
324 194
450 31
1411 1246
193 1014
302 463
862 20
1306 375
1328 1463
905 655
708 412
1328 483
1564 757
1345 697
209 719
1365 252
501 1328
1129 427
1513 728
1169 78
1637 1147
1934 1903
1751 342
1963 91
26 1761
1145 592
1510 933
236 1177
1495 1042
1798 223
534 34
1085 726
1894 1623
1290 1051
213 1368
641 764
332 1847
305 1048
449 240
825 1903
619 1288
1440 1609
272 958
1340 899
81 1724
1319 981
536 428
928 376
1342 1684
1336 1924
466 281
1181 671
509 1151
951 580
387 1705
157 285
1121 1701
1485 1687
827 1525
697 1014
1528 1924
1352 434
272 1049
240 1460
775 170
1658 546
1948 690
1552 1046
106 357
231 1505
1165 1515
1828 336
828 710
694 1298
1857 202
1748 581
1388 284
983 961
1281 1122
909 1033
520 1176
1636 1579
1209 481
1661 104
767 774
808 161
651 57
1815 1177
959 522
11 1386
1043 748
1413 1145
768 1332
780 1924
899 52
1908 103
1694 1042
1727 1444
542 511
1951 1254
1416 1059
894 1796
623 1377
714 807
620 693
521 463
1969 645
1342 606
1630 1500
730 799
523 1558
1242 1692
1236 1176
1177 1938
570 194
754 1220
321 790
340 1643
1934 333
1900 716
1056 343
469 215
215 1876
839 643
1951 1088
104 1262
245 801
372 1810
1419 983
1998 1612
