248 918
458 521
997 73
821 364
402 293
353 892
329 255
781 93
477 40
477 303
710 607
703 668
387 761
520 889
881 606
216 588
215 854
908 167
165 165
455 824
233 300
213 45
973 58
64 92
863 302
907 148
189 347
831 231
761 117
146 648
800 767
57 37
281 437
837 165
603 929
99 888
966 980
280 389
249 243
68 70
412 976
44 369
814 23
899 660
769 913
428 375
200 319
269 500
275 478
392 121
234 762
621 161
792 508
26 331
96 575
88 246
878 207
662 357
798 770
575 794
87 241
649 170
386 611
735 678
935 794
186 759
446 698
764 217
598 102
556 308
69 814
119 254
584 969
39 940
312 875
781 716
335 431
371 954
97 122
469 828
301 408
344 600
449 461
678 716
759 218
953 105
13 541
933 19
888 323
366 246
915 130
137 917
644 310
184 295
461 287
684 250
410 278
900 888
841 776
484 229
903 567
285 447
140 299
654 499
947 923
839 126
480 433
92 441
497 920
74 221
968 676
321 937
255 447
588 69
549 995
999 264
757 205
113 445
414 153
953 785
873 777
811 207
620 184
308 950
980 491
296 808
717 243
211 609
642 190
47 291
610 698
204 682
263 602
815 973
599 925
464 499
970 506
274 201
140 466
290 10
826 670
906 506
583 416
354 741
561 692
387 857
116 847
580 339
526 106
960 612
525 533
935 960
339 488
195 591
80 329
986 565
223 673
16 878
517 404
436 582
854 154
654 464
911 125
143 35
734 629
573 855
529 810
800 324
311 51
427 205
79 673
989 903
768 186
378 636
880 618
154 95
315 899
888 303
769 971
502 203
80 921
447 734
416 512
454 311
5 491
506 177
957 496
181 459
575 581
901 430
35 253
839 694
542 215
405 507
209 806
68 182
146 117
41 386
112 540
523 198
94 277
429 365
360 251
659 307
659 518
417 949
186 119
479 275
920 206
525 147
174 389
438 952
796 591
980 466
874 100
806 429
696 822
4 279
244 343
717 164
814 471
596 681
60 351
571 415
500 556
55 244
687 582
388 518
671 770
887 296
365 846
76 83
9 395
518 765
786 225
692 4
498 256
369 854
549 926
773 944
171 531
50 4
851 526
153 168
644 249
886 282
13 673
803 464
714 790
368 951
630 390
34 82
695 25
205 972
848 694
222 978
172 103
433 720
940 263
134 308
364 307
997 900
753 382
160 703
957 146
764 593
863 15
975 793
525 557
32 444
227 688
504 541
969 425
851 236
311 667
710 375
886 702
294 879
214 831
72 477
977 567
346 107
517 110
583 724
111 521
840 5
584 195
366 396
876 607
700 451
571 267
159 766
647 708
362 481
768 73
784 6
281 826
771 117
729 135
588 106
317 450
106 591
75 92
845 935
39 896
141 597
620 184
151 864
87 921
343 389
890 721
468 350
490 734
121 322
146 881
915 387
754 585
420 684
111 152
839 73
417 689
256 269
539 404
630 973
110 592
99 464
763 522
742 415
32 565
476 359
937 48
413 105
552 249
73 513
683 850
246 508
845 269
355 521
611 412
143 461
441 262
833 485
867 857
767 862
137 358
368 285
96 513
465 753
106 725
853 73
367 201
415 595
480 673
819 284
775 47
523 962
230 379
33 803
50 878
145 145
547 290
314 775
476 824
691 782
878 968
364 820
299 169
457 803
576 691
62 933
990 124
179 413
260 185
452 161
292 734
736 738
514 851
312 720
343 189
836 461
105 143
418 509
325 958
525 204
546 583
422 729
359 907
49 972
838 632
685 928
652 426
910 524
964 118
304 556
255 254
321 583
844 881
563 623
282 920
276 790
633 400
188 736
804 32
790 893
235 738
154 149
550 120
327 927
190 919
341 207
214 623
58 936
946 242
379 970
172 492
528 32
665 597
212 225
959 831
804 774
384 208
740 635
783 199
82 351
133 838
106 518
371 706
26 947
447 394
210 598
63 706
402 967
197 254
757 212
160 481
146 848
84 334
783 310
876 507
710 213
905 17
623 607
222 176
327 963
284 900
536 576
178 167
198 750
515 954
615 295
119 728
125 493
187 571
576 44
416 821
645 506
675 397
239 912
166 856
517 167
613 364
475 947
594 827
866 134
380 385
810 368
987 237
628 116
709 223
863 504
376 799
237 436
419 469
316 624
969 825
997 589
232 332
402 686
578 473
678 154
467 74
36 152
731 47
768 696
746 83
678 649
668 906
471 996
521 117
592 165
194 181
570 451
28 253
877 628
890 963
931 65
325 755
201 637
349 600
670 606
596 265
397 507
991 675
357 333
336 203
879 108
452 698
999 272
653 164
855 916
276 62
220 953
205 580
414 536
272 430
804 737
916 134
980 649
940 565
64 487
740 787
399 527
476 618
868 493
416 850
149 844
212 133
233 689
231 494
983 774
39 959
700 312
97 543
256 603
590 669
461 267
342 60
352 703
26 989
776 348
896 598
240 399
623 471
111 305
943 954
330 185
63 956
655 649
827 929
674 78
421 892
464 946
758 113
929 70
404 367
522 419
231 662
670 902
677 253
48 415
162 810
575 132
88 848
829 246
990 3
297 970
325 768
703 927
860 312
610 24
799 746
90 120
898 747
46 552
772 824
443 441
523 911
62 51
4 627
692 878
924 655
735 454
184 674
106 847
31 186
409 299
54 320
823 137
78 29
55 963
400 548
872 165
952 706
268 998
44 531
974 493
882 853
853 612
51 456
202 232
