3439 3029
2001 1060
4511 922
2474 1118
455 563
2762 4122
2982 3155
275 3276
1263 4590
1059 2632
2710 1553
3868 645
3632 1643
4944 4147
3379 2164
956 1857
2447 3144
1226 4987
2074 4404
419 1570
2504 3712
1991 2792
4585 2100
3693 1335
4675 3352
4451 2870
1499 467
3563 2175
4173 4531
4352 927
1117 776
3384 3946
2011 3670
4003 3910
4649 3942
4040 2593
1186 3732
947 911
3786 4106
1856 4104
1093 2481
3887 4139
3833 506
3949 4147
1361 400
3117 4341
3229 889
4652 3394
4116 779
796 1621
2804 3375
2820 4447
1048 2600
2942 639
4755 3117
1102 2040
1746 3649
3272 155
2251 1449
2546 3790
1688 4837
933 1805
983 4152
2368 943
1046 2484
4742 1949
533 3925
1618 1656
2426 4847
3244 4121
487 436
2693 2966
4338 4061
3312 1793
1399 2540
2464 3207
773 4721
1991 2426
2841 4094
2620 1949
1435 3852
3013 1680
1755 2784
23 912
982 4679
821 1311
1401 575
1849 2167
921 2067
2795 2479
3556 2998
2382 792
532 498
4935 2074
4879 4166
4822 2783
3367 2079
4434 1321
4905 2804
4739 702
3013 684
367 611
4987 743
3147 1281
4428 1208
1754 4704
2094 2484
3 1429
35 1825
1066 3467
3787 466
2043 2536
1920 3634
1276 832
1913 1823
4241 3320
3435 2472
410 4512
1282 3427
1428 3231
802 2207
1212 1267
218 1352
3156 2714
3518 4910
1349 827
3385 4379
3406 1367
3986 3147
729 1558
1269 998
1492 4568
3542 2088
1998 3906
3804 3754
106 2645
3994 141
2391 3150
4444 3735
2839 298
3353 994
4672 161
4157 4251
1083 3724
3803 4693
4437 3225
4837 914
1789 4939
4550 1229
4125 2523
4172 79
1710 4681
884 3194
825 3846
4811 1580
317 4734
4162 4377
1911 4548
1255 4218
3187 126
1839 885
4488 2108
1629 2891
2296 4184
390 213
1858 557
985 1060
4399 2623
3113 672
3013 3416
3016 2882
4583 4904
3104 2727
3235 4346
4073 2169
4345 4913
4550 2225
1983 4997
3137 2574
157 3814
882 526
2096 1776
24 2797
3154 3429
2960 4385
786 3290
641 3796
4366 2175
3933 4553
1830 1162
2959 2845
2856 3158
4869 4872
4313 2390
2595 143
4291 2341
3872 1441
74 3811
3482 2274
1135 3364
1299 2666
592 1769
841 198
3906 4083
1871 4030
4094 608
4775 1258
4829 2038
193 209
1100 333
3806 3930
410 3170
3404 4177
4458 1604
3003 2702
4673 3450
4471 3867
67 3760
3638 122
4594 2867
1442 4025
1417 2047
2372 2103
4532 114
1182 4417
2208 1996
3445 2562
3598 4251
4862 702
1380 4115
878 3899
3941 3319
2167 831
780 2955
1290 1089
639 537
3191 3872
3383 2327
3053 304
2579 2472
3687 2327
2367 2086
811 387
490 379
1838 2686
3874 4937
3259 2863
1414 4435
4299 2684
1287 2364
2049 991
4200 3718
1289 4718
3569 2836
3332 4816
1346 735
3653 3210
2811 4408
3086 4051
721 1107
1742 4635
2346 1090
429 1265
4290 352
272 2775
3282 311
1968 1303
953 537
4035 3584
4169 3951
4298 4935
4178 3509
3993 2727
670 3572
2706 824
4220 2733
4690 1448
2319 3897
874 2275
993 2020
93 367
4521 3490
1493 4726
4705 2149
3515 340
4682 137
3510 250
3914 1242
4480 1330
4259 1154
1942 4767
3452 3483
2734 369
1471 156
4386 301
4446 3809
4841 369
3513 3064
2601 920
1596 4947
4391 3671
4025 950
2390 3403
1124 747
438 3152
1280 628
1281 4699
2094 4153
4124 4385
1985 2843
4481 3619
3948 1606
4060 319
492 1228
3853 976
4111 1366
4333 179
4756 4494
1677 847
35 465
3162 3919
59 4044
3240 1967
1882 3774
1578 1118
4266 4556
2909 3838
1804 4711
3146 4350
3302 1552
2944 2316
654 998
3254 2607
1042 4983
2083 3501
2666 1305
444 1351
4995 2450
4894 4031
3300 2316
1660 4858
885 4066
4593 4235
3635 903
3899 2099
4289 3254
3505 4026
3090 2771
349 2491
1110 2909
3301 4694
4581 1393
2264 1374
867 391
804 3876
119 915
2949 2587
4798 1687
682 2907
4094 4180
1062 507
4301 965
267 4219
2367 1214
4955 454
2926 845
2555 617
1328 4469
3406 3048
4582 2788
349 3162
4909 3570
3575 4376
3669 2984
262 2524
124 3933
694 4509
4651 1060
4640 1215
1336 2369
4849 333
737 3246
4683 1339
934 2001
968 1209
3006 2881
4211 479
1027 3725
812 2872
1360 1624
4022 3862
4038 1031
4516 181
4023 4191
3766 4171
260 4982
1990 3032
4160 2143
4450 2369
4661 1662
3677 2052
3941 1961
1460 4747
3567 3755
85 2780
2559 849
1998 2335
4453 4229
1752 3256
2034 4285
1485 3848
891 1886
2085 2668
3922 2076
4030 1057
4720 3371
751 782
1648 1267
2401 1732
4614 2938
321 541
3588 685
1703 3051
3765 1899
491 25
4252 1869
4541 2842
2208 2793
715 4324
2138 4017
660 1582
1487 3613
334 3375
1370 446
4780 4007
343 1045
2179 3559
4118 4582
2388 4508
3644 2169
879 1300
4464 2580
28 367
1702 4937
1073 3467
1172 811
1019 1800
795 2549
4196 1129
644 3551
1694 4638
3757 3030
1355 3939
2660 4152
4893 406
1567 3054
2537 1035
4990 3040
3647 3467
186 1781
3897 1716
2967 1518
4311 1638
2697 1876
1298 1880
4976 2450
2698 3807
926 1027
4855 4907
1257 1233
864 702
4129 1968
3766 2875
1405 1438
266 950
424 2507
301 4584
3842 678
2242 910
4382 2380
3667 1424
3385 1599
3227 3390
756 2058
3657 667
3060 2120
90 929
220 3107
30 1363
4183 4011
3278 4519
4508 3402
47 1737
923 1732
2348 1634
1774 9
4559 1493
1499 3223
3759 1996
1409 4092
