7836 4784
8031 9251
8656 7074
468 4722
9694 3515
3920 4866
1658 9318
9289 2317
3480 6908
4253 5203
6507 3742
8587 7278
7378 1593
7239 8682
9356 2982
2261 4132
7907 5842
8339 4705
9051 5112
5653 5998
451 4757
7603 7379
9503 6230
3849 5395
5063 440
5330 1317
6300 353
3379 3618
2173 1757
26 4709
8944 6579
3949 4053
2279 7908
6286 1625
2000 476
3420 9689
8193 7168
9561 5239
9774 577
8983 8286
6204 7008
7552 3040
8776 5967
5474 5564
9625 2761
977 1342
2562 7162
804 5220
2931 3531
253 4059
9256 5629
4570 7514
384 4291
9787 818
3870 7405
8918 2041
1021 6415
5756 9933
222 8222
9847 5115
4906 9479
8913 2313
1052 8497
32 7954
2066 9011
9617 7614
3586 5130
5213 1799
4556 1951
4886 9998
8637 8386
4094 2130
6388 2351
3443 1111
8423 8836
7289 889
182 1989
8879 1293
4289 4705
1022 8113
9639 7215
6479 1411
9461 8583
5950 2016
346 5749
3718 5808
5213 4410
5969 853
549 3281
6161 3469
6999 8842
1367 5183
2890 8284
2623 3500
1003 4186
3049 8992
9939 5777
4009 4438
5210 4307
2245 5085
156 4229
1153 5784
1142 7161
4087 1150
2491 9672
2313 541
6874 9810
5447 3383
3655 6799
8981 1771
8631 714
2028 6316
563 8945
4028 4735
3866 1481
3822 7130
7279 9091
4305 7784
8549 267
2637 8428
5756 8936
1515 3381
1563 8826
221 1439
8149 5214
8995 1497
8112 775
2709 7917
3809 6221
5509 8866
3491 8125
271 944
3065 8158
1384 7216
5878 7833
1444 3840
2438 837
3412 3035
9545 3630
5549 4919
8615 9956
481 165
258 9147
8007 523
5018 7401
8045 3450
8364 9824
9911 4503
7464 3101
209 8434
7878 1118
8705 5252
7636 3855
244 3807
6037 9917
1064 5271
2113 4063
1908 1788
7921 8301
3411 5639
1180 6260
8918 9147
1121 2891
9995 228
4991 8277
2703 5828
4676 9314
3306 6062
2310 4348
9157 7041
1874 516
3595 3057
2233 308
6033 8240
4829 2939
5317 9383
286 8853
5163 6184
6432 6625
2964 7994
3085 4799
7287 2505
2058 9454
8575 2606
6698 8429
2903 4326
1755 5301
9466 6192
4994 300
5758 2118
498 784
5570 2414
7069 9889
9389 4196
8872 2733
2606 5559
8697 1676
8475 1610
2498 2370
6209 1682
5823 8801
216 8449
1122 1272
1465 9665
6143 2534
2103 6322
5478 1087
1311 209
1985 321
431 9759
2808 4033
6484 9509
812 7226
4192 8849
9679 2061
2577 9226
5812 9849
6352 8502
8508 5788
3264 9676
2093 6479
2465 9470
3711 7363
2208 972
7762 9353
303 3779
2352 1349
470 5042
156 1310
5464 8482
3311 989
4370 566
2333 7653
4719 1514
4175 8279
1224 338
5464 3967
7851 939
7578 3619
1085 7410
1237 4521
2585 9972
6019 8056
9795 3135
5362 1456
5596 5238
932 9144
9921 6426
4631 1386
2317 1832
5521 8796
4952 2559
7160 3446
2562 8013
2349 6143
6340 5850
9890 3225
1764 2815
5968 5237
1485 5068
5340 4617
9754 2081
5074 1567
2492 9993
4767 1534
8655 3615
6299 7994
8042 7190
7718 7846
7413 3988
7172 5342
7821 9747
605 2519
653 8647
273 9989
299 3525
596 8463
5195 4631
473 9516
833 9187
9198 567
4109 3568
3768 1199
847 5165
7228 9855
1799 8445
6733 9555
9335 2225
26 3950
5715 8610
4726 8746
4827 1849
6438 8823
5673 4777
7045 2925
3975 996
792 4506
4758 3946
6688 4499
4584 2026
