4930 4465
3081 2456
2558 2389
2802 1527
4962 874
2657 4832
4976 3944
3067 4922
4924 1004
2052 754
769 4286
1735 1284
3032 780
2636 2251
4306 3471
181 2718
1607 1665
1054 162
477 948
1970 3645
4362 2859
771 622
4626 814
1467 4817
3082 4586
1773 2690
2003 190
4443 727
4211 2112
482 2961
3738 959
3686 3514
858 401
2823 3298
4875 1585
4574 1738
4909 3570
2335 3247
1660 1103
4939 3474
380 2911
3164 622
4341 1021
3124 3273
3517 4709
3476 130
4945 1597
2900 2995
3667 2379
75 581
1091 190
3150 1243
4645 4791
4532 2660
3481 1815
3571 4185
4922 4233
3452 894
3142 3907
1628 3235
1144 2633
2504 2431
4451 1745
2792 1987
24 1548
2261 611
845 629
2831 516
2217 4912
4325 3230
2563 801
1463 942
2445 2163
4631 3123
3258 207
1519 4490
499 118
1012 3577
4278 2622
111 257
3588 2625
1348 1270
742 1408
2127 4179
423 3146
1464 4266
3587 2185
1326 664
1076 4361
1437 1079
3314 2447
2279 93
2995 3455
4165 539
4332 2708
4591 2709
782 1163
569 763
2260 307
2835 3089
1681 1500
4121 1082
4934 4182
3490 760
3116 1651
1776 4695
3715 3289
1188 2424
804 3547
3265 4884
832 4012
4373 3982
2553 3436
4915 4286
4081 811
32 1292
4555 4027
3101 4888
259 3283
4117 2275
1146 1196
2522 4743
3476 2710
3071 2063
508 482
582 2475
188 4055
4876 1050
3504 4896
4209 3235
1030 3665
390 1346
2600 3668
4640 1964
3643 4162
1071 1937
3548 2618
1404 3391
3596 3592
3596 746
3871 1801
4743 2043
2257 2866
4730 2700
1615 3096
2827 1058
2704 1115
3206 4725
4653 4395
3100 1346
4793 894
4096 3024
2153 4105
3917 2282
4347 43
4211 3201
3262 1532
1944 4419
2004 338
2926 756
3732 1313
3583 2216
107 651
2779 233
1442 3929
3457 4188
445 3700
2626 52
422 2895
3120 3743
2411 2608
724 285
3528 607
3851 748
4431 2146
2993 1798
3520 1002
4288 3846
2260 1341
2926 3494
4894 4437
1371 1546
1733 548
2719 4282
3722 2766
3006 3973
4777 4417
1975 4880
4812 3836
4463 2757
645 2772
3540 1615
81 632
78 730
3457 1134
3001 414
2738 578
3789 586
1712 3508
642 9
