703 829
951 915
483 840
558 350
339 981
815 886
255 784
112 277
647 229
282 542
130 442
105 683
872 981
588 965
227 680
637 669
297 1
645 811
540 767
289 940
82 377
267 589
208 685
526 947
171 444
407 910
586 22
346 902
384 716
236 617
269 336
201 225
549 411
953 189
703 558
439 728
612 283
173 200
54 462
80 949
958 747
237 690
838 337
662 904
446 717
650 656
844 681
864 377
929 245
264 326
975 366
850 575
108 613
530 740
72 380
542 47
691 710
868 714
498 495
287 276
204 569
628 484
247 884
686 851
802 871
800 130
539 145
357 924
636 455
827 548
226 110
211 27
455 738
245 918
542 265
128 10
22 237
249 18
420 665
649 162
361 966
150 341
323 985
643 893
696 342
72 946
517 392
269 624
339 991
298 601
483 473
341 380
902 901
827 928
670 243
740 733
475 524
175 599
504 805
732 708
894 245
813 575
408 253
877 965
790 80
370 678
224 476
630 86
190 470
396 327
924 240
70 445
992 422
297 593
68 960
922 240
774 983
630 580
146 950
128 130
99 282
248 681
8 441
846 206
13 487
588 549
749 443
308 587
319 659
311 459
543 757
868 540
807 195
59 735
517 407
973 225
609 470
623 241
780 92
737 336
465 235
37 814
58 938
504 455
941 10
378 675
362 55
998 424
563 752
565 198
503 331
981 573
683 267
690 884
529 709
192 577
993 489
456 108
92 695
750 618
770 317
764 620
506 372
854 415
161 690
314 423
210 978
225 248
208 801
936 664
406 6
785 712
354 922
126 591
904 317
194 23
199 180
306 745
133 37
929 649
860 115
365 654
851 506
492 6
566 460
9 650
612 823
616 480
983 537
589 924
690 408
128 549
874 351
200 476
248 558
838 442
317 136
806 351
884 449
931 509
877 35
468 221
67 961
108 111
376 980
352 161
753 757
292 49
120 261
205 354
481 556
679 9
849 621
23 667
486 68
951 963
680 106
804 58
98 894
229 771
975 245
797 258
849 830
564 345
703 523
167 480
63 226
784 854
729 749
193 659
322 236
862 712
734 733
34 512
941 266
943 489
556 869
329 737
369 210
747 510
94 693
786 679
64 807
587 665
399 325
451 248
741 399
522 954
590 6
842 692
439 647
638 546
920 142
768 996
418 250
825 521
510 540
440 341
272 194
286 904
952 571
643 721
755 14
296 728
564 299
408 573
829 994
590 475
561 482
165 963
2 170
462 359
256 189
560 366
500 840
325 391
414 300
994 805
55 693
542 245
461 285
748 973
853 987
288 660
441 463
984 199
196 494
183 916
292 26
907 112
959 95
547 440
607 585
547 803
485 660
373 925
341 353
668 683
437 100
489 952
545 213
883 267
477 477
971 546
317 333
242 881
226 454
683 99
923 449
897 615
63 314
247 958
918 492
14 453
316 981
816 799
835 242
425 961
923 299
713 242
287 609
756 39
412 671
812 851
31 531
985 619
145 71
282 323
753 546
948 544
825 875
334 680
553 654
91 519
590 570
506 883
107 659
660 716
813 318
163 153
447 730
497 881
728 433
17 159
148 991
956 747
481 224
772 951
910 175
991 725
402 788
233 13
913 307
586 145
537 208
368 922
944 705
122 514
40 726
728 298
750 118
612 584
532 21
251 499
183 63
575 531
700 683
442 943
295 966
989 141
627 437
626 184
610 780
899 597
134 414
776 378
950 965
959 941
265 936
350 455
919 947
671 93
28 431
989 555
353 943
697 717
947 908
824 865
906 232
300 892
925 836
557 514
966 997
832 401
894 140
930 404
88 272
855 793
854 386
214 1
860 122
564 935
716 633
350 833
95 305
255 311
950 120
297 365
973 837
782 436
881 255
223 456
506 858
920 744
493 426
56 519
468 973
593 859
318 430
656 474
236 258
616 161
278 899
374 924
816 339
263 970
494 663
259 331
795 160
47 248
302 559
527 578
841 713
491 285
610 53
47 385
153 625
686 697
728 871
798 321
519 215
815 597
241 369
207 53
506 987
42 801
748 11
349 795
823 905
703 712
335 2
581 781
450 196
300 125
917 136
916 592
670 242
288 962
541 925
778 796
836 713
88 483
622 600
72 537
843 385
133 983
548 673
596 0
423 744
19 104
455 653
753 122
724 57
498 524
917 800
89 667
893 125
65 429
84 241
452 875
499 477
974 331
563 981
84 600
714 485
949 675
54 191
843 154
503 706
345 40
240 443
748 999
642 0
622 623
744 488
227 595
496 788
663 245
971 866
931 629
