200 10000 2_Approximation 145909.6049945281 0.07573509216308594
200 10000 Christofides 125218.7765812338 0.09233784675598145
200 10000 2_Approximation 145909.6049945281 0.0758969783782959
200 10000 Christofides 129819.2958854196 0.09038376808166504
200 5000 2_Approximation 74054.94859638461 0.07724404335021973
200 5000 Christofides 61655.859724524846 0.24538207054138184
200 10000 2_Approximation 145909.6049945281 0.08812379837036133
200 10000 Christofides 120877.42004359986 0.09206199645996094
200 5000 2_Approximation 74054.94859638461 0.08585810661315918
200 5000 Christofides 63166.66134137656 0.24015402793884277
300 5000 2_Approximation 89100.00523846809 0.17861008644104004
300 5000 Christofides 78204.60144342843 0.16256165504455566
400 5000 2_Approximation 103353.46032280297 0.35309791564941406
400 5000 Christofides 92225.12359292421 0.8334689140319824
200 10000 2_Approximation 145909.6049945281 0.07604575157165527
200 10000 Christofides 124299.57053450905 0.06662130355834961
200 5000 2_Approximation 74054.94859638461 0.07646894454956055
200 5000 Christofides 62288.03536166708 0.06366109848022461
300 5000 2_Approximation 89100.00523846809 0.17139673233032227
300 5000 Christofides 81091.95215809077 0.19414091110229492
400 5000 2_Approximation 103353.46032280297 0.3600771427154541
400 5000 Christofides 93430.18584555753 2.021285057067871
400 10000 2_Approximation 209106.41617711788 0.31334614753723145
400 10000 Christofides 179214.95284829117 0.7262637615203857
200 10000 2_Approximation 145909.6049945281 0.07627487182617188
200 10000 Christofides 137049.35816832038 0.07092928886413574
200 5000 2_Approximation 74054.94859638461 0.0771188735961914
200 5000 Christofides 62248.86066386069 0.3515589237213135
300 5000 2_Approximation 89100.00523846809 0.17269086837768555
300 5000 Christofides 79505.43061251377 0.1773531436920166
400 5000 2_Approximation 103353.46032280297 0.30130982398986816
400 5000 Christofides 89151.6239472497 0.7652730941772461
400 10000 2_Approximation 209106.41617711788 0.31656885147094727
400 10000 Christofides 176504.22829112477 1.031656265258789
300 10000 2_Approximation 185623.97081908662 0.17314410209655762
300 10000 Christofides 154690.87376553702 0.6227469444274902
200 10000 2_Approximation 145909.6049945281 0.0759270191192627
200 10000 Christofides 131931.17723302584 0.06891202926635742
200 5000 2_Approximation 74054.94859638461 0.07765793800354004
200 5000 Christofides 63584.16304210151 0.7036342620849609
300 5000 2_Approximation 89100.00523846809 0.1718580722808838
300 5000 Christofides 79698.68547613877 0.37525510787963867
